2018-11-06 12:55:46,rt _id kuis antimo anakada 2 sobat timo yang bakal beruntung di #kuis ini mekanisme1.rt jawab dan ajak 5 teman kamu2.has…
2018-11-06 12:47:30,rt pemenang #kuis diumumkan hari rabu tanggal 7 november 2018 good luck!
2018-11-06 12:37:09,rt seberapa hafal kamu dengan program-program _tv coba tebak nama program dari petunjuk di video ini mention …
2018-11-06 11:54:38,rt tunjukkan kreativitas kamu dengan mengisi suara dari video di bawah ini unduh videonya di https://t.co/j2cfof41rf dan un…
2018-11-06 11:53:44,safi'i brebes ada 12 kata car _firdaus08 _aye #kuis #kuiscarfix
2018-11-06 11:52:29,tunjukkan kreativitas kamu dengan mengisi suara dari video di bawah ini unduh videonya di https://t.co/j2cfof41rf https://t.co/z591myuepc
2018-11-06 11:13:34,seberapa hafal kamu dengan program-program _tv coba tebak nama program dari petunjuk di video ini mention https://t.co/w1mcsuiquu
2018-11-06 11:12:02,rt _19 khotijah kebumen ada 13 kata car ikutan yuk _nr @_richo #kuis #kuiscarf…
2018-11-06 10:52:03,rt dewa hadi menarik diri ke kena pecat sebenarnya?jeng jeng jeng#ulamaksyiah#kuis https://t.co/el4oyotnfg
2018-11-06 10:47:40,khotijah kebumen ada 13 kata car ikutan yuk _nr @_richo #kuis #kuiscarfix
2018-11-06 10:45:48,"_id jawabannya adalah ""tk al buchari,di jakarta selatan ""#kuis#antimoanak https://t.co/wipmdujh3k"
2018-11-06 10:19:58,yuk belanja di sale stock ada kupon temen 20 ribu tanpa minimal blanja klik https://t.co/jkdunatkd4 bisa bayar c https://t.co/sxvg5qtp0o
2018-11-06 10:00:14,b bung tomoi imam bonjolr robert wolter monginsidiu untung suropatiikutan yuk uji peng https://t.co/wuinnixocu
2018-11-06 09:56:51,rt _indonesia jawaban dan pengumuman pemenang #dynedquiz ini akan diumumkan pada 13 november 2018.selamat mencoba dyned students!…
2018-11-06 09:55:26,_id jawabannya tk al buchari jakarta selatan #kuis #antimoanak #perjalanananakjadienak ikutan yuk: https://t.co/sctaeq1zao
2018-11-06 09:32:22,kuis antimo anakada 2 sobat timo yang bakal beruntung di #kuis ini mekanisme1.rt jawab dan ajak 5 teman kamu https://t.co/8jbbyllynr
2018-11-06 09:24:44,kim hie pontianakada 12 kata car#kuis #kuiscarfix mari ikutan juga yuk _varida _f17r1 https://t.co/yzrckxc466
2018-11-06 09:19:39,gambar a berputar lebih cepat #bursamobilbekas #wtcmanggadua #aman #nyaman #bebascalo #kuis https://t.co/uf6ygfed1p
2018-11-06 09:17:14,rt kuis hari ini....tulis jawabanmu di kolom komentar#bursamobilbekas #wtcmanggadua #aman #nyaman #bebascalo #kuis #kui…
2018-11-06 09:06:43,a#bursamobilbekas#wtcmanggadua#aman#nyaman#bebascalo#kuis#kuisiseng#focusmata
2018-11-06 08:35:12,deposito adalah produk bank penyimpanan dengan sistem penyetoran yang penarikannya hanya dapat dila https://t.co/61surgjzbz
2018-11-06 08:21:03,deposito adalah produk penyimpanan uang di bank dengan sistem penyetoran yang penarikannya hanya bisa https://t.co/8wvaqbuyu7
2018-11-06 07:58:38,deposito atau yang sering juga disebut sebagai deposito berjangka merupakan produk bank sejenis jasa https://t.co/knmu3breuu
2018-11-06 07:56:28,rt apa sih yang kalian ketahui tentang deposito jawab pertanyaanya dan menangkan pulsa 25rb!#kuis #bjbkuis #bjbask
2018-11-06 07:55:18,rt kamu tahu program-program di _tv coba tebak nama program metro tv berdasarkan video ini mention den…
2018-11-06 07:54:12,deposito yaitu produk penyimpanan uang di bank dgn sistem penyetoran yg penarikannya hanya bisa dilaku https://t.co/cadjxaep4z
2018-11-06 07:54:04,rt yuk retweet foto sebelum ini dan menangkan pulsa 25rb #bjbretweet #kuis #bjkuisb
2018-11-06 07:37:50,dewa hadi menarik diri ke kena pecat sebenarnya?jeng jeng jeng#ulamaksyiah#kuis https://t.co/el4oyotnfg
2018-11-06 07:32:22,deposito adalah produk bank penyimpanan dengan sistem penyetoran yang penarikannya hanya dapat dila https://t.co/1an2kycsxv
2018-11-06 07:04:57,deposito adalah produk bank penyimpanan dengan sistem penyetoran yang penarikannya hanya dapat dila https://t.co/pb23kc8zmj
2018-11-06 06:20:52,deposito adalah produk simpanan di bank yang penyetorannya maupun penarikannya hanya bisa dilakukan pa https://t.co/i47wltp4nn
2018-11-06 06:18:04,deposito adalah produk simpanan di bank yang penyetorannya maupun penarikannya hanya bisa dilakukan pa https://t.co/qo35facxob
2018-11-06 05:36:32,rt _id selamat buat yang beruntuk #kuis _id nama kamu ada di sini sobat bionibuat y…
2018-11-06 05:01:55,selamat buat yang beruntuk #kuis _id nama kamu ada di sini sobat bion https://t.co/42aawy73dk
2018-11-06 04:12:25,kuis hari ini....tulis jawabanmu di kolom komentar#bursamobilbekas #wtcmanggadua #aman #nyaman #bebascalo #kuis https://t.co/ni2wycbguw
2018-11-06 03:36:48,yuk belanja di sale stock ada kupon temen 20 ribu kode kupon vlpz atau klik https://t.co/0wf4a9fqve bisa bayar d https://t.co/hkbbqbzpzj
2018-11-06 03:29:25,d.e.p.o.s.i.t.odeposito adalah simpanan yang penarikannya hanya dapat dilakukan pada waktu tertentu https://t.co/ji1ylpenn9
2018-11-06 02:20:01,dapatkan gratis voucher belanja makan uang tunai tiket nonton dan banyak lagi!join ke https://t.co/nzb2ezl6hx#kuis
2018-11-06 01:45:53,deposito adalah simpanan yang penarikannya hanya dapat dilakukan pada waktu tertentu berdasarkan perja https://t.co/566mx6prgf
2018-11-06 01:30:42,rt good morning kami mau bagi pulsa 50 ribu utk anda yuk ikutan #kuis #kbrpagi di instagram kbr (at)kbr(dot)id boleh do…
2018-11-06 01:07:25,good morning kami mau bagi pulsa 50 ribu utk anda yuk ikutan #kuis #kbrpagi di instagram kbr (at)kbr(dot)id https://t.co/ejzxavqtyz
2018-11-06 00:53:15,3 nama pangan olahan 4 nomor pendaftaran pangan5 nama dan alamat produsen importir6 berat bersi https://t.co/om1fhowccx
2018-11-06 00:01:55,rt good morning kami mau bagi pulsa 50 ribu utk anda yuk ikutan #kuis #kbrpagi di instagram kbr (at)kbr(dot)id boleh dong…
2018-11-05 23:54:48,good morning kami mau bagi pulsa 50 ribu utk anda yuk ikutan #kuis #kbrpagi di instagram kbr (at)kbr(dot)id https://t.co/of8w27gs9w
2018-11-05 22:36:40,yuk belanja di sale stock ada kupon temen 20 ribu kode kupon vlpz atau klik https://t.co/drr6jvsjxy bisa bayar d https://t.co/4oesueeq67
2018-11-05 22:01:01,rt 7 10 orang yang beruntung akan dihubungi lebih lanjut oleh kami#indonesiajuara #panganaman #giveaway #kuis #pompigiveaway…
2018-11-05 20:36:05,rt _linu temukan kata tersembunyi teman aktif .tulis jawabanmu di kolom komentar cantumkan #tradisimasakini pada jawabanmu dan…
2018-11-05 19:19:59,yuk belanja di sale stock ada kupon temen 20 ribu tanpa minimal blanja klik https://t.co/jkdunatkd4 bisa bayar c https://t.co/q6mnynofsz
2018-11-05 18:19:44,deposito adalah produk bank penyimpanan dengan sistem penyetoran yang penarikannya hanya dapat dila https://t.co/rgqu2srott
2018-11-05 16:52:11,3 nama pangan olahan4 nomor pendaftaran pangan5 nama dan alamat produsen/importir6 berat bersih7 https://t.co/jrgrvparp0
2018-11-05 15:33:56,produk bank penyimpanan dengan sistem penyetoran yang penarikannya hanya dapat dilakukan setelah mas https://t.co/5c4d4dlmxh
2018-11-05 15:06:49,yuk belanja di sale stock ada kupon temen 20 ribu kode kupon vlpz atau klik https://t.co/0wf4a9fqve bisa bayar d https://t.co/94m9hkw4gp
2018-11-05 14:17:54,deposito adalah produk bank penyimpanan dengan sistem penyetoran yang penarikannya hanya dapat dila https://t.co/in1lge3ny6
2018-11-05 12:17:34,pemenang #kuis diumumkan hari rabu tanggal 7 november 2018 good luck!
2018-11-05 11:14:35,1 kode produksi2 tanggal kadaluarsa3 nama produk4 nama dan alamat produsen importir5 nomor pe https://t.co/ucgxhdmtum
2018-11-05 09:31:28,bantu gaes tangkap dan dapatkan hadiah honor 8x dan voucher..klik inihttps://t.co/vzhgp2qvss#kuis#quotes https://t.co/cgo2rentev
2018-11-05 09:26:57,rt deposito adalah investasi keuangan dalam bentuk simpanan/tabungan berjangka #kuis #bjbkuis #bjbask _tyo…
2018-11-05 09:26:01,token listrik #jdquiz #jdid #giveaway #quiz #kompetisi #dijaminori #kuis https://t.co/sgztbf7hfp
2018-11-05 09:24:30,tiket kereta #jdquiz #jdid #giveaway #quiz #kompetisi #dijaminori #kuis https://t.co/rzh5rbgjmm
2018-11-05 09:22:35,flight #jdquiz #jdid #giveaway #quiz #kompetisi #dijaminori #kuis https://t.co/zbqyhq8gh1
2018-11-05 09:20:40,paket data #jdquiz #jdid #giveaway #quiz #kompetisi #dijaminori #kuisyuk ikutan https://t.co/gjyuldwjis
2018-11-05 06:54:58,rt masih ditunggu yang mau pulsa 50 ribu yuk ikutan #kuis #kbrpagi di instagram kbr (at)kbr(dot)id soal kekerasan dalam #pacar…
2018-11-05 06:53:25,masih ditunggu yang mau pulsa 50 ribu yuk ikutan #kuis #kbrpagi di instagram kbr (at)kbr(dot)id soal kekerasan d https://t.co/6rimltjmnz
2018-11-05 06:36:41,yuk belanja di sale stock ada kupon temen 20 ribu kode kupon vlpz atau klik https://t.co/drr6jvsjxy bisa bayar d https://t.co/lnyuhnv52n
2018-11-05 05:49:59,3 nama pangan olahan4 nama &amp alamat produsen/importir5 nomor pendaftaran pangan6 jumlah isi berat https://t.co/qgmj5pcghg
2018-11-05 05:32:34,rt moms ada yang bisa tebak nama varian produk sunnygold yang satu ini yuk berikan jawabannya di kolom komentar.#sunnygold…
2018-11-05 05:30:53,hai admin terhormatjawaban saya black pepper #sunnygold #goldennugget #parenting #moms #ibu #kids https://t.co/pwaro0qgbd
2018-11-05 05:28:19,1 kode produksi2 tanggal kadaluarsa3 nama produk4 nama dan alamat produsen importir5 nomor pe https://t.co/cnphmwgetg
2018-11-05 05:07:48,3 nama pangan olahan4 nomor pendaftaran pangan5 nama dan alamat produsen/importir6 berat bersih/ https://t.co/4korresede
2018-11-05 04:55:32,rt sob huruf mana yang ada nozzle pertalite jawab di kolom komen dan tag 5 orang teman lo jangan lupa syarat buat ikutan…
2018-11-05 04:41:23,rt setauku ada 7 fase umum yang dialami saat seseorang sedang berduka mintang beberapa waktu lalu aku kehilangan sahabatku…
2018-11-05 04:37:15,rt _linu temukan bahan alaminya teman aktif .tulis jawabanmu di kolom komentar cantumkan #tradisimasakini pada jawabanmu dan me…
2018-11-05 04:28:55,rt _m di huruf p (perta)di huruf r (perta)di huruf t (lite)#pertalitechallenge#pertalite #melajulebihjauh#raisetheb…
2018-11-05 04:28:52,rt nozzle pertalite ada di huruf p r &amp t#pertalite #berkahenergipertamina #kuis #kuisberhadiah yuk ikutan …
2018-11-05 04:22:29,3 nama produk 4 legalitas 5 informasi produsen 6 berat bersih 7 komposisi #indonesiajuara https://t.co/tcvllcrtk0
2018-11-05 04:19:58,yuk belanja di sale stock ada kupon temen 20 ribu tanpa minimal blanja klik https://t.co/jkdunatkd4 bisa bayar c https://t.co/cb25en1zbg
2018-11-05 04:11:03,deposito adalah investasi keuangan dalam bentuk simpanan/tabungan berjangka #kuis #bjbkuis #bjbask https://t.co/rwnuctzfqw
2018-11-05 03:59:11,huruf p r t#pertalite #berkahenergipertamina #kuis #kuisberhadiah ikutan yuk
2018-11-05 03:57:13,rt pemenang yg sudah ditentukan tdk dapat diganggu gugat dan periode kuis s/d tgl 04 nov pkl 23.59#kuispelni#kuis#kuiz#quiz…
2018-11-05 03:20:12,deposito produk simpanan sejenis investasi dari bank yang menjanjikan suku bunga tetap dengan jangka https://t.co/p8og7nwgpd
2018-11-05 03:14:06,ⓓⓔⓟⓞⓢⓘⓣ adalah produk perbankan sejenis simpanan yang memiliki jangka waktu tertentu dan menjanjikan https://t.co/e2rtiytpfx
2018-11-05 03:11:36,3 nama pangan olahan4 nomor pendaftaran pangan5 nama dan alamat produsen impor6 berat bersih i https://t.co/gewfocdzen
2018-11-05 03:10:33,d e p o s i t o⬇produk simpanan di bank yang penyetoran atau penarikan nya hanya bisa dilakukan pada https://t.co/9qft9uxdl0
2018-11-05 03:10:04,3 nama pangan olahan4 nomor pendaftaran pangan5 nama dan alamat produsen/importir6 berat bersih/ https://t.co/oxkra5j44p
2018-11-05 03:07:08,3 nama pangan olahan4 nomor pendaftaran pangan5 nama dan alamat produsen/importir6 berat bersih/i https://t.co/po0uqg4v9y
2018-11-05 03:06:42,rt _sae1 3 nama pangan olahan4 nomor pendaftaran pangan5 nama dan alamat produsen importir6 berat bersih/isi bers…
2018-11-05 03:05:40,deposito adalah produk bank sejenis tabungan dimana uang yang disetorkan dalam deposito tidak boleh d https://t.co/mbflt5hj7p
2018-11-05 03:00:20,3 nama pangan olahan4 nomor pendaftaran pangan5 nama dan alamat produsen importir6 berat bersih/ https://t.co/id3caqlckk
2018-11-05 02:54:43,bagi sahabat bentang lainnya yang belum beruntung kalian masih bisa berpartisipasi di #kuis #bentangebook selanjutnya.
2018-11-05 02:51:01,rt _lbs 3 nama pangan olahan4 nomor pendaftaran pangan 5 nama dan alamat produsen importir6 berat bersih isi ber…
2018-11-05 02:42:38,3 nama pangan olahan4 nomor pendaftaran pangan 5 nama dan alamat produsen importir6. https://t.co/kzbhgupi4s
2018-11-05 02:36:48,yuk belanja di sale stock ada kupon temen 20 ribu kode kupon vlpz atau klik https://t.co/0wf4a9fqve bisa bayar d https://t.co/m7ajjcldcc
2018-11-05 02:33:55,selamat pagi sahabat bentang waktu sudah menunjukkan pukul 9.33 nih jadi kuisnya sudah ditutup terimakasih atas https://t.co/oyr907owem
2018-11-05 02:21:34,#indobet365 #bagi2pulsa #kuis #tebakskorikutin kuis tebak skor indobet365 disini https://t.co/ymephirks4 https://t.co/l1vh81vnvb
2018-11-05 02:09:34,kehilangan apa pun pasti membuat sedih dan hampa pasti ada masa2 nangis gak pengin ngapa2in kein https://t.co/lvby42eya7
2018-11-05 01:58:02,black pepper#sunnygold #goldennugget #parenting #moms #ibu #kids #anak #sikecil #makanan https://t.co/fhdgxgov4u
2018-11-05 01:53:46,3 nama produk4 nama dan alamat produsen importir5 nomor pendaftaran6 berat bersih7 komposisi https://t.co/vh0up1wgds
2018-11-05 01:30:52,3 nama pangan olahan 4 nomor pendaftaran pangan5 nama &amp alamat produsen importir6 berat bersih https://t.co/xztqs7licx
2018-11-05 01:21:37,ya dicari min kalau ndak ketemu ya ikhlas saja nanti juga bakal ada ganti yg lebih baik lagi mes https://t.co/yefeaqs5ed
2018-11-05 01:13:14,nozzle pertalite ada di huruf p r &amp t 👈#pertalite #berkahenergipertamina #kuis https://t.co/p8ohqk3lrk
2018-11-05 01:10:27,1 kode produksi2 tanggal kadaluarsa3 nama produk4 nama dan alamat produsen importir5 nomor pe https://t.co/8mvpgziniu
2018-11-05 00:35:32,3 nama pqngan olahan4 nimor pendaftaran pangan5 nama &amp alamat produsen/importir6 berat bersih7. https://t.co/phsx42sngn
2018-11-05 00:35:07,rt good morning kami mau bagi pulsa 50 ribu utk anda yuk ikutan #kuis #kbrpagi di instagram kbr (at)kbr(dot)id soal kekerasan…
2018-11-05 00:34:51,good morning kami mau bagi pulsa 50 ribu utk anda yuk ikutan #kuis #kbrpagi di instagram kbr (at)kbr(dot)id soa https://t.co/gnzdnrupli
2018-11-04 23:40:03,good morning kami mau bagi pulsa 50 ribu utk anda yuk ikutan #kuis #kbrpagi di instagram kbr (at)kbr(dot)id soa https://t.co/on5cmhmyzp
2018-11-04 23:36:12,deposito merupakan salah satu instrumen investasi yang cukup menguntungkan tingkat resiko yang relati https://t.co/2klc3i4lfy
2018-11-04 23:24:04,"p r ,dan t #pertalite https://t.co/cakzyc2z0o"
2018-11-04 23:16:10,black pepper#sunnygold #goldennugget #parenting #moms #ibu #kids #anak #sikecil #makanan https://t.co/d8qdllypq5
2018-11-04 23:15:27,black pepper#sunnygold #goldennugget #parenting #moms #ibu #kids #anak #sikecil #makanan https://t.co/f7gynbitl0
2018-11-04 22:57:20,rt caranya mudah:1 follow instagram 📲2 #regram postingan ini tulis jawaban pada caption 📝3 mention…
2018-11-04 22:48:46,berusaha menenangkan dan mengendalikan diri kalo emang harus nangis yaa nangis aja krn abis itu https://t.co/rcgdzafahp
2018-11-04 22:13:00,rt _bow 3.nama pangan olahan4.nomor pendaftaran pangan5.nama dan alamat produsen importir6.berat bersih7.daftar bah…
2018-11-04 21:59:58,3.nama pangan olahan4.nomor pendaftaran pangan5.nama dan alamat produsen importir6.berat bersih7.da https://t.co/xqkfrv9s1x
2018-11-04 21:18:48,rt _azriel _anaa _shine 1 kode produksi2 tanggal kadaluarsa…
2018-11-04 18:49:36,3 nama pangan olahan4 nomor pendaftaran pangan5 nama dan alamat produsen/importir6 berat bersih/n https://t.co/k4fmbrpsld
2018-11-04 18:08:33,rt 9 _4810 ya kepada para pemenang #indonesiajuara #panganaman #kuis #giveaway #giveawaypompi h…
2018-11-04 17:36:55,3 nama pangan olahan4 nomor pendaftaran pangan5 nama dan alamat produsen/importir6 berat isi/isi https://t.co/gwnkacfles
2018-11-04 17:24:53,rt _id #kuis 1 follow media sosial _id 2 rt dan jawab 3 ajak 5 sahabat bioni ikutan4 hashtag #bioron #hidupsehat #s…
2018-11-04 17:23:30,dengerin musik dr band2 favorit 24hrs non-stop baca buku nulis apapun yg bisa diluapin lewat tu https://t.co/ulsiwixyuh
2018-11-04 15:58:29,3 merk atau nama produk4 nama dan alamat yang memproduksi/mengimpor5 izin edar/register bppom6 is https://t.co/ezvxia8nsm
2018-11-04 15:52:21,3 nama produk4 nama dan alamat pt produk5 nomor izin edar6 berat isi bersih7 daftar komposisi https://t.co/hgyqzgbvwq
2018-11-04 15:32:01,setauku ada 7 fase umum yang dialami saat seseorang sedang berduka mintang beberapa waktu lalu aku kehilangan saha https://t.co/qmib37dixi
2018-11-04 15:26:54,3 nama pangan olahan4 nomor pendaftaran pangan5 nama dan alamat produsen/importir6 berat bersih/i https://t.co/eo4hr8qedl
2018-11-04 15:26:46,1/2.yuk ikutan : _ #indonesiajuara #panganaman#giveaway #kuis https://t.co/8ukjfvgbxp
2018-11-04 15:22:47,3 nama pangan olahan4 nomor pendaftaran pangan5 nama dan alamat produsen/importir6 berat bersih/ https://t.co/6t2zve3f5c
2018-11-04 15:01:00,jawabannya :3 nama pangan olahan4 nomor pendaftaran pangan5 nama dan alamat produsen/importir6 b https://t.co/elyxembled
2018-11-04 15:00:01,3 nama pangan olahan4 nomor pendaftaran pangan 5 nama dan alamat produsen importir6 berat bersih https://t.co/meersd1nql
2018-11-04 14:54:53,_indonesia dog &amp puppy pig &amp piglet goose &amp gosling horse &amp foal deer &amp fawn cat &amp kitten #dynedquiz https://t.co/vpmyhbyzyi
2018-11-04 14:42:32,3 nama pangan atau produk4 nomor pendaftaran produk5 nama &amp alamat produsen /importir6 berat bers https://t.co/vqkfmrvjbp
2018-11-04 14:38:22,3 nama pangan olahan4 nomor pendaftaran pangan5 nama &amp alamat produsen/importir6 berat bersih7. https://t.co/9jvx2vlt5d
2018-11-04 14:36:41,yuk belanja di sale stock ada kupon temen 20 ribu kode kupon vlpz atau klik https://t.co/drr6jvsjxy bisa bayar d https://t.co/61agjyw3mm
2018-11-04 14:35:24,1 kode produksi2 tanggal kadaluarsa3 merk nama produk4 nama dan alamat yang memproduksi/mengimp https://t.co/d5yswrodbi
2018-11-04 14:33:18,jawabannya adalah :3 nama pangan olahan 4 nomor pendaftaran pangan5 nama dan alamat produsen/impo https://t.co/vnasmuhypv
2018-11-04 14:30:47,1 kode produksi2 tanggal kadaluarsa3 merk atau nama produk4 nama dan alamat yang memproduksi/meng https://t.co/q2ictgyw8d
2018-11-04 14:27:53,_anaa _shine 1 kode produksi2 tanggal kada https://t.co/73ff6h4hhp
2018-11-04 14:23:15,rt 3 nama pangan olahan 4 nomor pendaftaran pangan5.nama dan alamat produsen/importir 6 berat bersih 7 d…
2018-11-04 14:23:13,rt 3 nama pangan olahan 4 nomor pendaftaran pangan5.nama dan alamat produsen/importir 6 berat bersih 7 daf…
2018-11-04 14:23:06,rt 3 nama pangan olahan 4 nomor pendaftaran pangan5.nama dan alamat produsen/importir 6 berat bersih 7 da…
2018-11-04 14:18:29,3 nama pangan olahan 4 nomor pendaftaran pangan5.nama dan alamat produsen/importir 6 berat bersih https://t.co/0w1e2z4bs5
2018-11-04 14:17:13,3 nama merk produk4 nama produsen importir5 nomor terdaftar di bpom ri6 netto isi bersih https://t.co/7s8w8lbvmx
2018-11-04 14:12:58,nozzle pertalite ada di huruf : p r &amp t#pertalite #berkahenergipertamina #kuis https://t.co/3pbwla57k1
2018-11-04 14:12:52,3 nama pangan olahan4 nomor pendaftaran pangan5 nama dan alamat produsen/importir6 berat bersih/i https://t.co/irxu2xopvg
2018-11-04 14:12:49,rt 3 nama pangan olahan 4 nomor pendaftaran pangan5.nama dan alamat produsen/importir 6 berat bersih 7 daf…
2018-11-04 14:12:44,rt 3 nama pangan olahan 4 nomor pendaftaran pangan5.nama dan alamat produsen/importir 6 berat bersih 7.…
2018-11-04 14:12:39,rt _ha 3 nama pangan olahan 4 nomor pendaftaran pangan5.nama dan alamat produsen/importir 6 berat bersih 7 daftar…
2018-11-04 14:12:32,rt 3 nama pangan olahan 4 nomor pendaftaran pangan5.nama dan alamat produsen/importir 6 berat bersih 7 daf…
2018-11-04 14:10:14,nozzle pertalite ada di huruf p r t #pertalite #berkahenergipertamina #kuis #kuisberhadiah yuk ikuta https://t.co/0uwso55klz
2018-11-04 14:10:04,3 nama pangan olahan 4 nomor pendaftaran pangan5.nama dan alamat produsen/importir 6 berat bersih https://t.co/jewl8hclv6
2018-11-04 14:06:58,yuk belanja di sale stock ada kupon temen 20 ribu kode kupon vlpz atau klik https://t.co/0wf4a9fqve bisa bayar d https://t.co/7j1p8nypiq
2018-11-04 14:05:46,3 nama pangan olahan 4 nomor pendaftaran pangan5.nama dan alamat produsen/importir 6 berat bersih https://t.co/hz1ofhfqz8
2018-11-04 14:01:47,3 nama pangan olahan 4 nomor pendaftaran pangan5.nama dan alamat produsen/importir 6 berat bersih https://t.co/kjftn6w5ih
2018-11-04 14:00:15,3 nama pangan olahan4 nomor pendaftaran pangan5 nama &amp alamat produsen/importir6 berat bersih7. https://t.co/kdia7alk6o
2018-11-04 13:58:36,nozzle pertalite berada di huruf p r t#pertalitechallenge #melajulebihjauh#pertalite https://t.co/bmb1cnnv1n
2018-11-04 13:53:22,3 nama pangan olahan 4 nomor pendaftaran pangan5.nama dan alamat produsen/importir 6 berat bersih https://t.co/v2q7vaulx6
2018-11-04 13:49:22,3 nama pangan olahan 4 nomor pendaftaran pangan5.nama dan alamat produsen/importir 6 berat bersih https://t.co/gf5ubp4oeh
2018-11-04 13:48:58,nozzle pertalite ada di huruf p r t #pertalite #berkahenergipertamina #kuis #kuisberhadiah https://t.co/1pgnr265qv
2018-11-04 13:48:58,huruf yang ada nozzle pertalite yaitu p r dan t ikutan yuk : https://t.co/e3wrgqc7nm
2018-11-04 13:48:24,3 nama pangan olahan4 nomor pendaftaran pangan 5 nama dan alamat produsen/importir6 berat bersih https://t.co/fdbugirjye
2018-11-04 13:42:50,3 nama pangan olahan 4 nomor pendaftaran pangan5.nama dan alamat produsen/importir 6 berat bersih https://t.co/kf5caas13s
2018-11-04 13:39:02,3 nama merk produk4 nama produsen importir5 nomor terdaftar di bpom ri6 netto isi bersih 7. https://t.co/xwlbjvhjlr
2018-11-04 13:34:42,rt _um 3 nama pangan olahan4 nomor pendaftaran pangan5 nama &amp alamat produsen/importir6 berat bersih7 daftar ba…
2018-11-04 13:34:35,rt 3 nama pangan olahan4 nomor pendaftaran pangan5 nama &amp alamat produsen/importir6 berat bersih7 daftar…
2018-11-04 13:34:21,rt _arba 3 nama pangan olahan4 nomor pendaftaran pangan 5 nama &amp alamat produsen importir6 berat bersih 7 dafta…
2018-11-04 13:26:34,3 nama pangan olahan 4 nomor pendaftaran pangan 5 nama dan alamat produsen/importir 6 berat bersi https://t.co/bhdcdixifa
2018-11-04 13:22:39,jadi belajar ikhlas kalo kita ndk ikhlas hati kita tdk akan tenang kalo sdh ikhlas maka hati kit https://t.co/sc7flt6uak
2018-11-04 13:20:15,jawaban👇3 nama pangan olahan4 nomor pendaftaran pangan5 nama &amp alamat produsen/importir6 berat https://t.co/f1o2sgbltb
2018-11-04 13:19:59,yuk belanja di sale stock ada kupon temen 20 ribu tanpa minimal blanja klik https://t.co/jkdunatkd4 bisa bayar c https://t.co/yeiobjfdq9
2018-11-04 13:19:14,saat khilangan ssuatu ibarat parkir kita dititipi orang mobil parkir sm kita saat orang ambil mob https://t.co/gstn36tcwt
2018-11-04 13:15:19,mengikhlaskan tawakkal &amp segera bangkit bcause life must goon saat kita lahir kita tk memiliki https://t.co/zeevmjugz3
2018-11-04 13:14:28,3 nama pangan olahan4 nomor pendaftaran pangan5 nama &amp alamat produsen/importir6 berat bersih7. https://t.co/6kbmeoun41
2018-11-04 13:11:45,3 nama pangan olahan4 nomor pendaftaran pangan5 nama dan alamat produsen/importir6 berat bersih/i https://t.co/vovjyfuxsb
2018-11-04 13:10:37,rt mention jawaban kamu di dan jangan lupa gunakan hastag #kuis #bentangebook #stopbelibukubajakan mintan…
2018-11-04 13:10:34,rt jawab sesuai apa yang ada di pikiran kalian atau dari pengalaman yang pernah kalian miliki nanti mintang akan pilih ja…
2018-11-04 13:10:25,rt yuk kasih tau mintang menurut sahabat bentang apa hal yang harus dilakukan ketika baru saja kehilangan sesuatu atau s…
2018-11-04 13:10:03,3 nama pangan olahan4 nomor pendaftaran pangan5 nama &amp alamat produsen/importir6 berat bersih7. https://t.co/rtfhjre9yh
2018-11-04 13:08:13,3 nama pangan olahan 4 nomor pendaftaran pangan 5 nama dan alamat produsen/importir 6 berat bersi https://t.co/c8rvqc0f5e
2018-11-04 13:07:21,3 nama pangan olahan4 nomor pendaftaran pangan5 nama &amp alamat produsen/importir6 berat bersih7. https://t.co/zdlfiekl24
2018-11-04 12:59:36,3 nama pangan olahan4 nomor pendaftaran pangan 5 nama &amp alamat produsen importir6 berat bersih https://t.co/gs6hhscjqr
2018-11-04 12:54:56,3 nama pangan olahan4 nomor pendaftaran pangan5 nama dan alamat produsen/importir6 berat bersih7 https://t.co/7xizpx9acs
2018-11-04 12:40:16,rt 3.nama pangan olahan4.nomor pendaftaran pangan5.nama dan alamat produsen/importir6.berat bersih7.daftar bahan…
2018-11-04 12:10:28,jawab:3 nama pangan olahan 4 nomor pendaftaran pangan 5 nama dan alamat produsen/importir 6 bera https://t.co/1dhrdlbjon
2018-11-04 12:06:17,3 nama pangan olahan4 nomor pendaftaran pangan5 nama &amp alamat produsen/importir6 berat bersih7. https://t.co/b5nlae0unh
2018-11-04 12:02:22,nozzle pertalite berada di huruf p r dan t #pertalite #berkahenergipertamina #kuis #kuisberhadiah ay https://t.co/o77ilpzmg2
2018-11-04 12:00:28,3 nama pangan olahan4 nomor pendaftaran pangan5 nama dan alamat produsen/importir6 berat bersih/i https://t.co/vz0jf1wbz4
2018-11-04 11:54:40,rt 3 nama pangan olahan4 nomor pendaftaran pangan5 nama &amp alamat produsen/importir6 berat bersih7 daftar ba…
2018-11-04 11:54:24,3 nama pangan olahan4 nomor pendaftaran pangan5 nama &amp alamat produsen/importir6 berat bersih7. https://t.co/af1o2ejuau
2018-11-04 11:53:40,3.nama pangan olahan4.nomor pendaftaran pangan5.nama dan alamat produsen/importir6.berat bersih7.daf https://t.co/yemfhxzsl7
2018-11-04 11:50:47,3 nama pangan olahan4 nomor pendaftaran pangan5 nama dan alamat produsen/importir6 berat bersih/i https://t.co/qi4xbtraio
2018-11-04 11:39:56,3 nama pangan olahan4 nomor pendaftaran pangan5 nama dan alamat produsen/importir6 berat isi/isi https://t.co/hle2apgzpk
2018-11-04 11:35:53,nangis sepuas-puasnya sampai nyesel sampai sadar sendiri bahwa nangisin dia itu ga worth it banget https://t.co/mwsm1gdyaq
2018-11-04 11:34:35,3.nama pangan olahan 4.nomor pendaftaran pangan 5.nama dan alamat produsen importir 6.berat bers https://t.co/rryloucb6s
2018-11-04 11:21:36,deposito merupakan salah satu produk penyimpanan uang di bank dgn sistem penyetoran dan penarikan hany https://t.co/jl8idruddu
2018-11-04 11:18:41,3 nama pangan olahan4 nomor pendaftaran pangan5 nama dan alamat produsen/importir6 berat bersih/i https://t.co/v1l4qi37ol
2018-11-04 11:18:09,nangis makan makanan kesukaan berdoa#kuis #bentangebook #stopbelibukubajakan
2018-11-04 11:07:50,berusaha menenangkan dan mengendalikan diri kalo emang harus nangis yaa nangis aja krn abis itu https://t.co/tpnup7mgei
2018-11-04 11:06:26,3 nama pangan olahan4 nama dan alamat produsen5 nomor pendaftaran pangan6 berat bersih/isi bersih https://t.co/sebfbvaogj
2018-11-04 11:01:53,ikhlaskan. biar lebih enteng kalau jodoh mah bakalan kemana. hehe #kuis https://t.co/0n2q4mabsp
2018-11-04 10:58:45,menyibukkan diri dan menghargai apa yang dimiliki saat ini yang hadir saat ini bukan berarti harus https://t.co/xxncuclgok
2018-11-04 10:58:31,pertama2 lbh gmpng ngomong drpd mlakukan kl dr aku ini min inget tuhan dia yg maha memiliki sg https://t.co/fll3rboywq
2018-11-04 10:55:53,3 nama pangan olahan4 nama dan alamat produsen5 nomor pendaftaran pangan6 berat bersih/isi bersih https://t.co/onacgibpld
2018-11-04 10:49:21,👉nama pangan olahan 3 )👉nomor pendaftaran pangan 4 )👉nama dan alamat produsen/importir 5 )👉bera https://t.co/jjhbt4n8ww
2018-11-04 10:49:17,3 nama pangan olahan4 nomor pendaftaran pangan5 nama dan alamat produsen/importir6 berat bersih/i https://t.co/4whyt4xqan
2018-11-04 10:44:31,3 nama pangan olahan 4 nomor pendaftaran pangan5.nama dan alamat produsen/importir 6 berat bersih https://t.co/ymesaovhid
2018-11-04 10:42:41,_prilly sudah follow all sosmed pertalite90twitter : https://t.co/ltejrjgu7c
2018-11-04 10:41:12,menata hati belajar merelakan yang telah pergi dan mulai mencari dan menyibukkan d https://t.co/bd5pgeztls
2018-11-04 10:37:42,3 nama pangan olahan4 nomor pendaftaran pangan5 nama &amp alamat produsen/importir6 berat bersih7. https://t.co/8mlbmsy100
2018-11-04 10:37:36,nozzle pertalite ada di huruf p r t #pertalite #berkahenergipertamina #kuis #kuisberhadiah yuk ikuta https://t.co/6ppxekpvlt
2018-11-04 10:29:22,saya sih diam dan pasrah aja #kuis #bentangebook #stopbelibukubajakan
2018-11-04 10:27:58,3 nama pangan olahan 4 nomor pendaftaran pangan 5 nama dan alamat produsen import 6 berat bersih https://t.co/yqk9wxtzab
2018-11-04 10:25:13,saat kehilangan ibunda aku luapkan semua energi kesedihan pd tanaman hias dan aku pajang di rumah https://t.co/zqo0ovo2bn
2018-11-04 10:19:07,byk menyibukkan diri supaya gak terlalu mengingat hal2 yg udah terjadi lebih sering cerita karna k https://t.co/zcxbpvunmm
2018-11-04 10:09:21,mention jawaban kamu di dan jangan lupa gunakan hastag #kuis #bentangebook #stopbelibukubajakan mi https://t.co/hnh7li9zf8
2018-11-04 10:09:20,jawab sesuai apa yang ada di pikiran kalian atau dari pengalaman yang pernah kalian miliki nanti mintang akan pili https://t.co/0qq0hsrc1e
2018-11-04 10:09:19,yuk kasih tau mintang menurut sahabat bentang apa hal yang harus dilakukan ketika baru saja kehilangan sesuatu at https://t.co/owgrrj2oxr
2018-11-04 10:07:21,3 nama pangan olahan4 nomor pendaftaran pangan5 nama &amp alamat produsen/importir6 berat bersih7. https://t.co/pyoktyuyif
2018-11-04 09:59:20,5 dari 7 keterangan yang harus ada pada label kemasan pangan :3 nama produk4 nomor izin https://t.co/xf9t8dzrqi
2018-11-04 09:58:54,3 nama pangan olahan 4 nomor pendaftaran pangan 5 nama dan alamat produsen/importir 6 berat bersih/is https://t.co/iubpsiourw
2018-11-04 09:57:25,rt seperti biasanya setiap hari minggu sore mintang bakalan ngadain #kuis #ebookbentang yeayy siap-siap nunggu pertanya…
2018-11-04 09:55:27,seperti biasanya setiap hari minggu sore mintang bakalan ngadain #kuis #ebookbentang yeayy siap-siap nunggu pertanyaannya ya~
2018-11-04 09:47:18,3 nama pangan olahan4 nomor pendaftaran pangan5 nama dan alamat produsen/importir6 berat bersih/i https://t.co/rqvcpabj7e
2018-11-04 09:45:01,rt 3 nama pangan olahan4 nomor pendaftaran pangan5 nama &amp alamat produsen/importir6 berat bersih/isi bersih7…
2018-11-04 09:33:31,done all step#indonesiajuara #panganaman #giveaway #kuis #pompigiveaway done follow semog https://t.co/vzlqcwcpoh
2018-11-04 09:32:59,done all step#indonesiajuara #panganaman #giveaway #kuis #pompigiveaway done follow semog https://t.co/h93jlbyjij
2018-11-04 09:30:52,#indonesiajuara #panganaman #giveaway #kuis #pompigiveawayikutan follow dulu _dewi https://t.co/fc4hnpcfmd
2018-11-04 09:30:17,rt 3 nama pangan olahan4 nomor pendaftaran pangan5 nama dan alamat produsen/importir6 berat bersih/isi…
2018-11-04 09:30:03,3 nama pangan olahan4 nomor pendaftaran pangan5 nama dan alamat produsen/importir6 berat bersih/i https://t.co/kifhx1utor
2018-11-04 09:17:04,3 nama pangan olahan4 nomor pendaftaran pangan5 nama &amp alamat produsen/importir6 berat bersih7. https://t.co/meqoo3eclz
2018-11-04 09:16:53,rt _official hi sahabat saatnya menguji ketelitianmu kira-kira mana yang lebih berat antara kedua tumpukan #paperone ream pada post…
2018-11-04 08:43:23,3 nama pangan olahan4 nomor pendaftaran pangan5 nama &amp alamat produsen/importir6 berat bersih/is https://t.co/hivia7txiv
2018-11-04 08:40:38,3 nama produk/brand4 nomor pendaftaran pangan5 nama dan alamat produsen/importir6 berat bersih/ne https://t.co/dexvtpksee
2018-11-04 08:40:14,3 nama pangan olahan4 nomor pendaftaran pangan5 nama &amp alamat produsen/importir6 berat bersih/isi https://t.co/ellmbvnad4
2018-11-04 08:39:24,jawabannya :3 nama pangan olahan4 nomor pendaftaran pangan5 nama dan alamat produsen/importir6 b https://t.co/owkf8vmudh
2018-11-04 08:20:24,3 nama pangan olahan4 nomor pendaftaran pangan5 nama dan alamat produsen/importir6 berat bersih/i https://t.co/mephu6crhd
2018-11-04 08:16:06,3 nama pangan olahan4 nomor pendaftaran pangan5 nama dan alamat produsen/importir6 berat bersih/i https://t.co/r79le0zcik
2018-11-04 08:12:53,3 nama pangan olahan4 nomor pendaftaran pangan5 nama dan alamat produsen/importir6 berat bersih/i https://t.co/r2gqgl3zvc
2018-11-04 08:03:12,_linu tradisi masa kiniyukk ikutan kuis #tradisimasakini https://t.co/wmq7a1mt3n
2018-11-04 08:00:58,berada di huruf p r t yukk ikutan #pertalite #berkahenergipertamina #kuismerapat gaess semoga https://t.co/gy7u6j8hoe
2018-11-04 07:54:36,7 10 orang yang beruntung akan dihubungi lebih lanjut oleh kami#indonesiajuara #panganaman #giveaway #kuis https://t.co/qle38dyybo
2018-11-04 07:28:00,deposito adalah sebuah tabungan berjangka yang bisa ditarik hanya dalam waktu terdekat #kuis #bjbkuis #bjbask
2018-11-04 07:17:45,_indonesia dog &amp puppypig &amp pigletcat &amp kittendeer &amp fawnhorse &amp foal goose &amp gosling#dynedquiz https://t.co/ihvyvekcdq
2018-11-04 07:04:25,nozzle pertalite ada di huruf p r t#pertalite #berkahenergipertamina #kuis #kuisberhadiah https://t.co/n3swxcoxjo
2018-11-04 06:32:46,p r &amp tikutan _wie #pertalite https://t.co/z6wyvgtohe
2018-11-04 06:32:32,p r &amp tikutan _garnasih _rofy#pertalite https://t.co/xnkntqhbrk
2018-11-04 06:32:17,p r &amp tikutan _garnasih #pertalite https://t.co/gnpbri9x1j
2018-11-04 06:31:39,p r &amp tikutan _maryanti #pertalite https://t.co/hmkkkhpgpv
2018-11-04 06:31:22,p r &amp tikutan _tw #pertalite https://t.co/nlt9msemyk
2018-11-04 06:31:04,p r &amp tikutan _07 _tw #pertalite https://t.co/qqmpaxu2y5
2018-11-04 06:23:11,rt @_niaagustin_ di huruf p (perta)di huruf r (perta)di huruf t (lite)#pertalitechallenge#pertalite #melajulebihjauh#rai…
2018-11-04 05:54:42,nozzle pertalite ada di huruf p r &amp t#pertalite #berkahenergipertamina #kuis #kuisberhadiah yuk iku https://t.co/kbowsnm6xj
2018-11-04 05:54:28,nozzle pertalite ada di huruf p r &amp t#pertalite #berkahenergipertamina #kuis #kuisberhadiah yuk iku https://t.co/asbw1hg5fl
2018-11-04 05:54:13,nozzle pertalite ada di huruf p r &amp t#pertalite #berkahenergipertamina #kuis #kuisberhadiah yuk iku https://t.co/ebjjsyq3nq
2018-11-04 05:53:59,nozzle pertalite ada di huruf p r &amp t#pertalite #berkahenergipertamina #kuis #kuisberhadiah yuk iku https://t.co/m6reys0uvq
2018-11-04 05:53:44,nozzle pertalite ada di huruf p r &amp t#pertalite #berkahenergipertamina #kuis #kuisberhadiah yuk iku https://t.co/4gzznwhbdv
2018-11-04 05:50:02,yuk belanja di sale stock ada kupon temen 20 ribu tanpa minimal blanja klik https://t.co/jkdunakw1e bisa bayar c https://t.co/gxoynjhgxs
2018-11-04 05:46:18,p r dan t#pertalite #berkahenergipertamina #kuis #kuisberhadiah https://t.co/kxzma3y4dq
2018-11-04 05:46:04,p r dan t#pertalite #berkahenergipertamina #kuis #kuisberhadiah _qirom _al
2018-11-04 05:45:50,p r dan t#pertalite #berkahenergipertamina #kuis #kuisberhadiah _diana
2018-11-04 05:45:29,p r dan t#pertalite #berkahenergipertamina #kuis #kuisberhadiah _andra https://t.co/fcjct0svuv
2018-11-04 05:45:16,p r dan t#pertalite #berkahenergipertamina #kuis #kuisberhadiah _garnasih https://t.co/mzibnqrjhk
2018-11-04 05:40:05,di huruf p (perta)di huruf r (perta)di huruf t (lite)#pertalitechallenge#pertalite https://t.co/eerbd9jvxp
2018-11-04 05:39:52,di huruf p (perta)di huruf r (perta)di huruf t (lite)#pertalitechallenge#pertalite https://t.co/au9clkn7m1
2018-11-04 05:39:38,di huruf p (perta)di huruf r (perta)di huruf t (lite)#pertalitechallenge#pertalite https://t.co/rcdpp5fgfn
2018-11-04 05:39:24,di huruf p (perta)di huruf r (perta)di huruf t (lite)#pertalitechallenge#pertalite https://t.co/sgihjyi4id
2018-11-04 05:39:08,di huruf p (perta)di huruf r (perta)di huruf t (lite)#pertalitechallenge#pertalite https://t.co/equbortezg
2018-11-04 05:14:41,deposito merupakan salah satu produk penyimpanan uang dibank dgn sistem penyetoran &amp penarikan hanya b https://t.co/z9wudochv5
2018-11-04 05:03:38,p r dan t _ngawi _dewi #pertalite #berkahenergipertamina #kuis #kuisberhadiah
2018-11-04 03:56:20,nozzle pertalite ada di huruf p r &amp t#pertalite #berkahenergipertamina #kuis #kuisberhadiah yuk iku https://t.co/ia9adzcq41
2018-11-04 03:54:21,deposito merupakan produk simpanan berangkat yang menjadikan aman dengan tingkat suku bunga yang me https://t.co/d5vfvaw5gu
2018-11-04 03:16:07,_linu tradisi masa kini ikutan yuk _ _ica https://t.co/6nreasfudm
2018-11-04 02:05:30,tabungan atau simpanan yang pencairannya hanya dapat dilakukan pada jangka waktu tertentu dengan syara https://t.co/hjbw19n1vz
2018-11-04 01:51:55,rt halo #runners share foto seru kegiatan saat anda lari dan dapatkan hadiah mingguan menarik dari kami yuk #runners…
2018-11-04 01:36:47,yuk belanja di sale stock ada kupon temen 20 ribu kode kupon vlpz atau klik https://t.co/0wf4a9fqve bisa bayar d https://t.co/te3sjjx6nc
2018-11-04 01:36:10,produk simpanan di bank yg penyetorannya dgn nominal tertentu dimana penarikannya hanya https://t.co/ni4lcoecxg
2018-11-04 01:24:51,nozzle pertalite ada di huruf p r &amp t#pertalite #berkahenergipertamina #kuis #kuisberhadiah yuk iku https://t.co/l8uvdf71c9
2018-11-04 01:08:18,simpanan pada bank yang penarikannya hanya dapat dilakukan dalam waktu tertentu sesuai dengan perjanji https://t.co/cu0l8yldnm
2018-11-04 01:03:38,deposito adalah simpanan pada bank yang penarikannya hanya dapat dilakukan dalam waktu tertentu sesuai https://t.co/up9zcmvvdj
2018-11-04 00:53:01,tabungan/simpanan di bank dengan jangka waktu tertentu #kuis #bjbkuis #bjbask
2018-11-04 00:16:55,rt _sianipar p r &amp tikutan _ngawi #pertalite #b…
2018-11-04 00:03:48,nozzle pertalite ada di huruf p r t #pertalite #berkahenergipertamina #kuis #kuisberhadiah https://t.co/icpihozuri
2018-11-03 23:09:47,p r &amp tikutan _ngawi #pertalite https://t.co/oofqfebtp8
2018-11-03 22:36:39,yuk belanja di sale stock ada kupon temen 20 ribu kode kupon vlpz atau klik https://t.co/drr6jvsjxy bisa bayar d https://t.co/jjt7wt2hyy
2018-11-03 18:54:04,huruf p &amp r di tulisan perta dan huruf t ditulisan lite yang ada nozzle pertalite #pertalite https://t.co/clszlurhqv
2018-11-03 17:15:41,nozzle pertalite di blok p r t nyok ikut kuisnya https://t.co/ebv566ixft
2018-11-03 16:50:26,_linu tradisi masa kini #tradisimasakini _fa _subandi _rahmat https://t.co/qwcy46kto7
2018-11-03 16:31:40,simpanan berjangka seperti investasi yg penarikannya hanya bisa dilakukan dalam waktu tertentu deposi https://t.co/djpftt7u4b
2018-11-03 16:21:47,rt _ti nozzle pertalite ada di huruf p r t #pertalite #berkahenergipertamina #kuis #kuisberhadiah ikutan juga …
2018-11-03 16:21:44,rt _ _linu tradisi masa kini #tradisimasakini ikutan yuk kuis dan menangkan hadiahnya …
2018-11-03 16:14:31,deposito merupakan produk penyimpanan uang di bank dengan sistem penyetoran yang penarikannya hanya bi https://t.co/aqzrmuwu8n
2018-11-03 15:48:01,_linu tradisi masa kini #tradisimasakini ikutan yuk kuis dan menangkan hadiahnya https://t.co/cdtdsdwsps
2018-11-03 15:44:39,_kingland gambar pattern b #banmotorantislip #banantislip #banirit#bankingland #kingland https://t.co/p1q2k4cuuh
2018-11-03 14:50:02,yuk belanja di sale stock ada kupon temen 20 ribu tanpa minimal blanja klik https://t.co/jkdunatkd4 bisa bayar c https://t.co/68xqxflgtf
2018-11-03 14:36:20,deposito adalah simpanan uang di bank yang penarikannya hanya bisa dilakukan pada waktu tertentu berda https://t.co/1wj1pr0to9
2018-11-03 14:29:35,nozzle pertalite ada di huruf p r t #pertalite #berkahenergipertamina #kuis #kuisberhadiah https://t.co/vvn9jwyy76
2018-11-03 14:22:23,rt _res mau belanja tanpa mengeluarkan uang yuk ikutan kuis vittoria residence ada voucher map 500.000 untuk 2 orang pemenang.…
2018-11-03 14:10:33,_linu tradisi masa kini #tradisimasakini ikutan yuk https://t.co/wfopmaqkgy
2018-11-03 14:10:11,kamu tahu program-program di _tv coba tebak nama program metro tv berdasarkan video ini mention https://t.co/daouxviudg
2018-11-03 14:01:31,deposito adalah produk bank penyimpanan dengan sistem penyetoran yang penarikannya hanya dapat dila https://t.co/wjtvmtmpme
2018-11-03 13:48:00,deposito itu produk penyimpanan uang di bank dgn sistem penyetoran yang penarikannya hanya bisa dilaku https://t.co/hyge7mqffc
2018-11-03 13:28:01,rt _lbs _linu tra~di~si~ma~sa~ki~ni(tradisi masa kini #tradisimasakini yuk follow _linu &amp ikutan jawab kuisnya …
2018-11-03 13:19:26,_kingland gambar alur/pattern b #banmotorantislip #banantislip #banirit#bankingland #kingland https://t.co/cgwtlzzcvl
2018-11-03 13:18:14,_linu tra~di~si~ma~sa~ki~ni(tradisi masa kini #tradisimasakini yuk follow _linu &amp ikutan jawab kuisnya https://t.co/wjshelnzop
2018-11-03 13:06:55,yuk belanja di sale stock ada kupon temen 20 ribu kode kupon vlpz atau klik https://t.co/0wf4a9fqve bisa bayar d https://t.co/twchd5dnu4
2018-11-03 13:01:22,rt _linu tradisi masa kini #tradisimasakini yuk ikutan _lasmaria _danie @…
2018-11-03 12:28:20,nozzle pertalite ada di huruf p-r-t _randy _ https://t.co/qpzghr8jpu
2018-11-03 11:58:25,tradisi masa kini #tolaklinu #tradisimasakini #kuis _lha _fahma _lasmaria https://t.co/tcr6g2vpt1
2018-11-03 11:58:02,_linu tradisi masa kini #tolaklinu #tradisimasakini #kuis _lha _fahma _lasmaria _
2018-11-03 11:57:19,_linu tradisi masa kini #tolaklinu #tradisimasakini #kuiskuy _teas
2018-11-03 11:53:56,rt _azriel 📋✍ huruf yang ada nozzle pertalite huruf p ➡r ➡t )#pertalite #berkahenergipertamina #kuis #kuisb…
2018-11-03 11:32:55,deposito adalah produk bank penyimpanan dengan sistem penyetoran yang penarikannya hanya dapat dila https://t.co/wvqhqd2vet
2018-11-03 11:32:22,nozzle pertalite ada di huruf p°r°t _laupe _sianipar https://t.co/zdixez3x3h
2018-11-03 11:28:37,nozzle pertalite ada di huruf p r t #pertalite #berkahenergipertamina #kuis #kuisberhadiah https://t.co/rjlsuylom8
2018-11-03 11:09:51,nozzle pertalite ada di huruf p r t #pertalite #berkahenergipertamina #kuis #kuisberhadiah ikutan https://t.co/gplisidtha
2018-11-03 11:01:12,nozzle pertalite ada di huruf p r t#pertalite #berkahenergipertamina #kuis #kuisberhadiahikutan https://t.co/3nuoyxvz4q
2018-11-03 10:54:38,nozzle pertalite ada pada huruf p r dan t #pertalite #berkahenergipertamina #kuis #kuisberhadiah https://t.co/newqqbgiez
2018-11-03 10:30:27,_linu tradisi masa kini #tradisimasakini yuk ikutan _lasmaria _danie https://t.co/2ozibprjfe
2018-11-03 10:10:02,nozzle di✅huruf p di tulisan perta✅huruf r di tulisan perta✅huruf t di tulisan lite https://t.co/drlic2dnq4
2018-11-03 10:08:08,_id jahe ginger #perpectmix #tebakanindocafe #beyondfirsclass #tebakan #kuis #quiz #tekateki
2018-11-03 10:07:54,rt _id variant apakah yang ada pada gambar ini sob #perfectmix #tebakanindocafe #beyondfirstclass #tebakan #kuis #quiz #tekate…
2018-11-03 09:49:33,huruf yang ada nozzle pertalite yaitu p r dan t#pertalite #berkahenergipertamina #kuis ikutan yuk https://t.co/en9yxyiqaa
2018-11-03 09:46:31,"nozzle pertalite berada di huruf p r t ""#pertalitechallenge#melajulebihjauh#pertalite https://t.co/zx8w45ku5h"
2018-11-03 09:43:04,"nozzle pertalite berada di huruf p r t ""#pertalitechallenge#melajulebihjauh#pertalite https://t.co/k3o3xsilv0"
2018-11-03 09:42:07,"nozzle pertalite berada di huruf p r t ""#pertalitechallenge#melajulebihjauh#pertalite https://t.co/dxacnxtovs"
2018-11-03 09:41:38,"nozzle pertalite berada di huruf p r t ""#pertalitechallenge#melajulebihjauh#pertalite https://t.co/m4k4nk853f"
2018-11-03 09:37:35,_linu tradisi masa kini #tradisimasakini hayuk ikutan guys _glest https://t.co/lgcmwxk1n9
2018-11-03 09:09:23,deposito itu merupakan salah satu investasi terbsik punya banyak manfaat untuk orang yang ingin memil https://t.co/lfhgunvvcu
2018-11-03 08:59:49,rt _sianipar _linu tradisi masa kini #tradisimasakini ikutan _zein …
2018-11-03 08:59:01,_linu tradisi masa kini #tradisimasakini ikutan _zein https://t.co/bbo1jq9g1z
2018-11-03 08:50:40,nozzle pertalite ada di huruf p r t#pertalite #berkahenergipertamina #kuis #kuisberhadiahikutan https://t.co/g7s8o2qo5c
2018-11-03 08:50:36,nozzle pertalite ada di huruf p r t #pertalite #berkahenergipertamina #kuis #kuisberhadiah ikutan https://t.co/w6899zlqph
2018-11-03 08:49:24,nozzle pertalite ada di huruf p r t #pertalite #berkahenergipertamina #kuis #kuisberhadiah ikutan y https://t.co/ix7jfhg05t
2018-11-03 08:34:13,perta -&gt p rlite -&gt tjawab prt#pertalitechallenge #pertalite #melajulebihjauh #raisethebar https://t.co/7ibykyu3np
2018-11-03 08:27:56,"_linu jawabannya adalah tradisi masa kini ""#tradisimasakini #tolaklinu #kuisayo sob mepet https://t.co/2eaodgyxe3"
2018-11-03 07:59:49,deposito adalah produk simpanan di bank yang penyetorannya maupun penarikannya hanya bisa dilakukan pa https://t.co/xr0pnsj0oo
2018-11-03 07:47:23,huruf yg ada nozzle pertalite yaitu p r dan t#pertalite #berkahenergipertamina #kuis ikutan yuk https://t.co/dzpjdh5vgj
2018-11-03 07:46:55,rt nozzle pertalite berada pada huruf p r dan tyuk ikutan juga _setya86 …
2018-11-03 07:46:41,nozzle pertalite berada pada huruf p r dan tyuk ikutan juga _ https://t.co/v8j6ycdznb
2018-11-03 07:42:04,nozzle huruf p (perta)di huruf r (perta)di huruf t (lite)#pertalitechallenge https://t.co/ocgmzrzrji
2018-11-03 07:35:08,deposito merupakan produk penyimpanan uang di bank dengan sistem penyetoran yang penarikannya hanya bi https://t.co/yqzslwgzrz
2018-11-03 07:30:07,"nozzle pertalite ada di hurup p,r,t#pertalite #berkahenergipertamina #kuis #kuisberhadiah ikutan yu https://t.co/e5losirqeh"
2018-11-03 07:03:21,_linu #tolaklinutradisi masa kini#tradisimasakini #tradisimasakini #kuis _richi _07 https://t.co/yv13zylz5k
2018-11-03 06:55:15,_linu tradisi masa kini #tradisimasakini #kuis #tolaklinu yuk ikutan https://t.co/nq0butijet
2018-11-03 06:50:01,dapatkan gratis voucher belanja makan uang tunai tiket nonton dan banyak lagi!join ke https://t.co/nzb2ez3vqp#kuis
2018-11-03 06:49:53,nozzle pertalite berada di p r t#pertalite #berkahenergipertamina #kuis #kuisberhadiah ikutan yu https://t.co/ogixq7yikf
2018-11-03 06:49:51,nozzle pertalite ada pada huruf p r dan t yuk ikutan https://t.co/jnpfaxwsnp
2018-11-03 06:39:02,huruf yg ada nozzle pertalite yaitu p r dan t#pertalite #berkahenergipertamina #kuis ikutan yuk https://t.co/9iue75rilv
2018-11-03 06:36:41,📋✍ huruf yang ada nozzle pertalite huruf p ➡r ➡t )#pertalite #berkahenergipertamina #kuis https://t.co/v4g1nr2eq0
2018-11-03 06:36:41,yuk belanja di sale stock ada kupon temen 20 ribu kode kupon vlpz atau klik https://t.co/drr6jvsjxy bisa bayar d https://t.co/b82bm1ltmo
2018-11-03 06:30:23,deposito merupakan produk yg ditawarkan oleh bank dimana penarikannya hanya dapat dilakukan dalam wakt https://t.co/5tg5q8piod
2018-11-03 06:28:48,nozzle pertalite ada di huruf p r t #pertalite #berkahenergipertamina #kuis #kuisberhadiah ikutan y https://t.co/tbcdk98ss7
2018-11-03 06:27:53,deposito adalah simpanan pada bank yang penarikannya hanya dapat dilakukan dalam waktu tertentu sesuai https://t.co/9s8h79ycyq
2018-11-03 06:26:47,menurutku..deposito adalah simpanan pada bank yang penarikannya hanya dapat dilakukan dalam waktu ter https://t.co/m7cvlpins5
2018-11-03 06:26:31,nozzle pertalite ada di huruf p r t #pertalite #berkahenergipertamina #kuis #kuisberhadiah ikutan y https://t.co/z44ggrvgdd
2018-11-03 06:25:51,nozzle pertalite ada di huruf p r t #pertalite #berkahenergipertamina #kuis #kuisberhadiah ikutan y https://t.co/rqryelajkb
2018-11-03 06:25:41,deposito ialah jenis simpanan pada bank yang penarikannya hanya dapat dilakukan dalam waktu tertentu s https://t.co/mc4jr0ckda
2018-11-03 06:24:14,jawaban saya👇deposito adalah simpanan pada bank yang penarikannya hanya dapat dilakukan dalam waktu t https://t.co/3dqjuyzj9y
2018-11-03 06:22:57,deposito yaitu...jenis simpanan pada bank yang penarikannya hanya dapat dilakukan dalam waktu tertent https://t.co/qpu1dhovda
2018-11-03 06:10:41,rt 1 follow akun twitter dan twitter _herudewanto 2 retweet komen di twitter kalian poster lomba foto y…
2018-11-03 06:01:10,nozzle pertalite ada pada huruf p r dan t yuk ikutan https://t.co/m0fvizmkyl
2018-11-03 05:59:50,menurut saya deposito merupakan jenis simpanan pada bank yang penarikannya hanya dapat dilakukan dalam https://t.co/ui3srkqod5
2018-11-03 05:57:29,✅deposito adalah simpanan pada bank yang penarikannya hanya dapat dilakukan dalam waktu tertentu sesua https://t.co/xwot79lh4o
2018-11-03 05:55:50,deposito simpanan pada bank yang penarikannya hanya dapat dilakukan dalam waktu tertentu sesuai de https://t.co/awz2xifuu8
2018-11-03 05:53:55,💞deposito merupakan simpanan pada bank yang penarikannya hanya dapat dilakukan dalam waktu tertentu se https://t.co/bfmnh8zbnx
2018-11-03 05:52:03,deposito adalah simpanan pada bank yang penarikannya hanya dapat dilakukan dalam waktu tertentu sesua https://t.co/b8tzhziwgq
2018-11-03 05:46:21,sob huruf mana yang ada nozzle pertalite jawab di kolom komen dan tag 5 orang teman lo jangan lupa syarat buat https://t.co/4qurxctexr
2018-11-03 05:44:43,"_linu kata yang tersembunyi ""tradisi masa kini #tradisimasakini yuk sob ikutan #kuis #tolaklinu https://t.co/0zggssshqj"
2018-11-03 05:31:18,"_linu jawabannya adalah tradisi masa kini ""#tradisimasakini #tolaklinu #kuisayo sob ikutan ; https://t.co/avrqekfoqr"
2018-11-03 05:20:27,temukan kata tersembunyi teman aktif .tulis jawabanmu di kolom komentar cantumkan #tradisimasakini pada jawaba https://t.co/fq8qth80bi
2018-11-03 05:16:35,sejenis jasa tabungan yg biasa ditawarkan kepada masyarakat #kuis #bjbkuis #bjbask
2018-11-03 05:09:43,rt deposito adalah simpanan yang penarikannya hanya dapat dilakukan pada waktu tertentu berdasarkan perjanjian nasab…
2018-11-03 05:01:57,deposito biasa disebut simpanan berjangka yaitu produk penyimpanan uang yang penarikannya hanya bisa https://t.co/iwp9rox7bc
2018-11-03 04:58:01,deposito adalah produk simpanan di bank yang penyetorannya maupun penarikannya hanya bisa dilakukan pa https://t.co/vwfjja14u5
2018-11-03 04:26:57,deposito salah satu produk simpanan alternatif yg hanya bisa dilakukan pada waktu tertentu saja ap https://t.co/p8glre6svc
2018-11-03 04:26:08,deposito merupakan penyimpanan uang di bank dengan sistem penyetoran dan penarikannya hanya bisa dilak https://t.co/kjyxdxe8fk
2018-11-03 03:58:00,yang merasa batak wajib kudu datang untuk memeriahkan acara ini! #danautobadicarfreeday #wonderfulindonesia https://t.co/ksa3jt3il4
2018-11-03 03:57:23,deposito adalah simpanan dana seperti investasi dalam jumlah tertentu dengan tarif flat seperti yg su https://t.co/hucmdrtnin
2018-11-03 03:34:41,depositu itu tabungan jangka waktu tertentu berdasarkan perjanjian antara pihak bank dan nasabah #kuis #bjbkuis #bjbask
2018-11-03 03:15:34,jawaban sayadeposito adalah simpanan pada bank yang penarikannya hanya dapat dilakukan dalam waktu te https://t.co/e4razqbidm
2018-11-03 03:11:13,deposito ialah suatu produk penyimpanan uang di bank dengan sistem penyetoran yang penarikannya hanya https://t.co/wdzasarvmt
2018-11-03 03:09:53,deposito yaitusuatu produk penyimpanan uang di bank dengan sistem penarikannya hanya bisa dilakukan s https://t.co/7pitmritgl
2018-11-03 03:07:07,deposito merupakan jenis produk penyimpanan uang di bank dengan sistem penyetoran yang penarikannya https://t.co/48qqp8gtms
2018-11-03 03:03:33,jawaban saya..deposito adalah suatu produk penyimpanan uang di bank dengan sistem penyetoran yang pen https://t.co/zhd7tcjfdv
2018-11-03 03:02:26,deposito adalah sebuah tabungan berjangka yang bisa di tarik hanya dalam waktu tertentu saja. #kuis #bjbkuis #bjbask
2018-11-03 02:58:48,✅deposito adalah jenis penyimpanan uang di bank dengan sistem penyetoran yang penarikannya hanya bisa https://t.co/rjjskqgxdg
2018-11-03 02:57:45,moms ada yang bisa tebak nama varian produk sunnygold yang satu ini yuk berikan jawabannya di kolom komentar. https://t.co/kbppa18mfa
2018-11-03 02:54:53,jawaban saya deposito adalah suatu produk penyimpanan uang di bank dengan sistem penyetoran yang penar https://t.co/of0np10ims
2018-11-03 02:51:24,deposito suatu produk penyimpanan uang di bank dengan sistem penyetoran yang penarikannya hanya bisa https://t.co/onkbggjbsv
2018-11-03 02:48:59,👉deposito adalah suatu produk penyimpanan uang di bank dengan sistem penyetoran yang penarikannya hany https://t.co/j5keqho07p
2018-11-03 02:34:15,deposito adalah sebuah tabungan berjangka yang bisa di tarik hanya dalam waktu tertentu saja #kuis #bjbkuis #bjbask
2018-11-03 02:19:17,deposito adalah tabungan berjangka dengan bunga lebih menarik dari tabungan biasa #kuis #bjbkuis #bjbask
2018-11-03 02:15:30,rt deposito adalah bentuk investasi tabungan dg suku bunga tetap dan dalam jangka waktu tertentu #kuis #bjbkuis #…
2018-11-03 02:07:23,yuk pekanbaru!tinggal dua hari lagi kesempatan dapat tiga motor matic serta berbagai hadiah keren lainnya gak pa https://t.co/jjn4wwy5m6
2018-11-03 01:58:57,jawaban saya deposito yaitu produk penyimpanan uang di bank dengan sistem penyetoran yang penarikannya https://t.co/hlbudvq9tr
2018-11-03 01:56:23,menurut saya deposito merupakan produk penyimpanan uang di bank dengan sistem penyetoran yang penarika https://t.co/vvvrsfliur
2018-11-03 01:54:45,deposito merupakan produk penyimpanan uang di bank dengan sistem penyetoran yang penarikannya hanya bi https://t.co/mmgau2olvy
2018-11-03 01:06:39,produk bank sejenis jasa tabungan yg biasa ditawarkan kepada masyarakat dan di jamin oleh pemerintah #kuis #bjbkuis #bjbask
2018-11-03 01:01:45,deposito yang saya tahu itu bentuk tabungan berjangka yang dapat di ambil dalam jangka waktu tertentu sesuai dengan https://t.co/5eqjuhqmkl
2018-11-03 01:01:37,deposito yang saya tahu itu bentuk tabungan berjangka yang dapat di ambil dalam jangka waktu tertentu https://t.co/nhcml179wv
2018-11-03 01:00:46,deposito adalah tabungan berjangka yang bisa di tarik hanya dalam waktu tertentu #kuis #bjbkuis #bjbask
2018-11-03 00:36:48,yuk belanja di sale stock ada kupon temen 20 ribu kode kupon vlpz atau klik https://t.co/0wf4a9fqve bisa bayar d https://t.co/c2d92tdo3g
2018-11-03 00:35:28,deposito adalah produk simpanan di bank yang penyetorannya maupun penarikannya hanya bisa dilakukan pa https://t.co/imo4ceon07
2018-11-03 00:34:11,deposito produk penyimpanan uang di bank dgn sistem penyetoran yg penarikannya hanya bisa dilakukan https://t.co/cojzr3szxz
2018-11-03 00:33:45,deposito adalah tabungan berjangka yang memiliki bunga lebih tinggi dan hanya bisa ditarik dalam jangk https://t.co/bv9jfjkxyv
2018-11-03 00:32:33,deposito yaitu produk penyimpanan uang di bank dgn sistem penyetoran yg penarikannya hanya bisa dilaku https://t.co/6ji7bggrze
2018-11-03 00:29:05,deposito yaitu produk penyimpanan uang di bank dgn sistem penyetoran yg penarikannya hanya bisa dilaku https://t.co/gjjahl4elt
2018-11-02 23:50:03,yuk belanja di sale stock ada kupon temen 20 ribu tanpa minimal blanja klik https://t.co/jkdunatkd4 bisa bayar c https://t.co/u1t3vcprww
2018-11-02 23:28:46,deposito adalah jenis tabungan berjangka hanya bisa di cairkan pada waktu yang telah di tentukan#kuis #bjbkuis #bjbask
2018-11-02 22:59:34,deposito adalah tabungan berjangka yg dapat diambil dalam jangka waktu tertentu sesuai dgn syarat dan https://t.co/fstrbrhlrf
2018-11-02 22:50:46,deposito adalah simpanan yang penarikannya hanya dapat dilakukan pada waktu tertentu berdasarkan perja https://t.co/m53p1nddiw
2018-11-02 22:50:01,done #bjbretweet #kuis #bjbkuis #bjkuis #bjkuisb #bjbsimuda
2018-11-02 22:43:19,rt deposito adalah simpanan pada bank yang penarikannya hanya dapat dilakukan dalam waktu tertentu berdasarkan deng…
2018-11-02 22:43:14,deposito adalah simpanan pada bank yang penarikannya hanya dapat dilakukan dalam waktu tertentu berdas https://t.co/zmlvjvuues
2018-11-02 22:39:51,deposito adalah produk simpanan dibank yang penyetorannya maupun penarikannya hanya bisa dilakukan pad https://t.co/x6omcy0nwt
2018-11-02 22:27:41,deposito adalah produk penyimpanan uang di bank dgn sistem penyetoran yg penarikannya hanya bisa dilak https://t.co/n4cmrsncvp
2018-11-02 22:15:30,deposito itu tabungan berjangka/produk investasi yg aman &amp terjamin dgn return paling tinggi sekitar 6 #bjbkuis #bjbask #kuis
2018-11-02 22:00:57,deposito adalah tabungan berjangka yang bisa hanya di tarik dalam jumlah tertentu dan hanya bisa di ta https://t.co/vgby2ho4cd
2018-11-02 21:35:26,deposito adalah tabungan berjangkan dengan bunga tinggi yang hanya bisa diambil saat jangka waktu tert https://t.co/izbt4yhl0f
2018-11-02 21:07:57,deposito adalah produk simpanan sejenis investasi sederhana dari bank yang menjanjikan suku bunga teta https://t.co/61rvycp1ud
2018-11-02 19:49:48,dears deposito menurutku tabungan berjangka di bank dengan sistem penyetoran dan penarikannya ha https://t.co/oor8k0vqny
2018-11-02 19:28:32,deposito adalah produk simpanan di bank yang penyetorannya maupun penarikannya hanya bisa dilakukan pa https://t.co/bxcbg8chio
2018-11-02 18:45:23,deposito adalah simpanan yang penarikannya hanya dapat dilakukan pada waktu tertentu berdasarkan perja https://t.co/1ocfv4q8yj
2018-11-02 18:34:51,deposito adalah sebuah produk simpanan sejenis investasi sederhana dari bank yang menjanjikan suku bu https://t.co/z2kzotq4o6
2018-11-02 17:50:55,jalani debut di piala aff riko akan habis-habisan untuk timnashttps://t.co/yxsvgb3hxd#prediksi #jakarta #medan https://t.co/yvlj0v9joh
2018-11-02 17:10:57,rt _id jangan lupa hari ini sobat bioniada kuis dari bioronrt dulu dan kasih kabar buat sobat bioni#kuis #bioron #hidupsehat…
2018-11-02 17:07:36,deposito menurut saya adalah simpanan dana seperti investasi dalam jumlah tertentu dengan tarif flat https://t.co/ciagz4ud9v
2018-11-02 17:05:20,deposito adalah sebuah produk simpanan sejenis investasi sederhana dari bank yang menjanjikan suku bu https://t.co/abehecqayk
2018-11-02 16:11:27,#kuis #bjbkuis #bjbask masalahdeposito sejenis jasa tabungan yang biasa ditawarkan kepada masyaraka
2018-11-02 16:01:05,atau akan telah dilunaskan melalui pembayaran uang atau transfer atau melalui penyerahan barang-barang https://t.co/08equvwctx
2018-11-02 15:57:03,deposito adalah simpanan pada bank yang penarikannya hanya dapat dilakukan dalam waktu tertentu sesuai https://t.co/0nty59cjzu
2018-11-02 15:54:51,deposito adalah produk simpanan di bank yang penyetorannya &amp penarikannya hanya dilakukan pada waktu t https://t.co/6yzqcfkmya
2018-11-02 15:50:18,deposito yang saya tahu itu bentuk tabungan berjangka yang dapat di ambil dalam jangka wak https://t.co/lhuwrotuca
2018-11-02 15:38:29,deposito atau yang sering juga disebut sebagai deposito berjangka deposito merupakan produk penyimpan https://t.co/wqoywoldjk
2018-11-02 15:35:44,deposito adalah simpanan tabungan berjangka yang bisa diambil dalam janka waktu tertentu #kuis #bjbkuis #bjbask
2018-11-02 15:30:07,rt deposito adalah produk simpanan di bank yang penyetorannya &amp penarikannya hanya dilakukan pada waktu tertentu…
2018-11-02 15:30:03,deposito adalah produk simpanan di bank yang penyetorannya &amp penarikannya hanya dilakukan pada waktu t https://t.co/w6uyc8fe79
2018-11-02 15:25:06,deposito adalah sebuah produk simpanan sejenis investasi sederhana dari bank yang menjanjikan suku bun https://t.co/jrcqsirjpo
2018-11-02 15:20:11,deposito adalah tabungan berjangka yang memiliki bunga lebih tinggi dan hanya bisa ditarik dalam jangk https://t.co/umipivw736
2018-11-02 15:19:22,deposito merupakan salah satu produk penyimpanan uang di bank dengan sistem penyetoran &amp penarikan han https://t.co/rnzlgjbrco
2018-11-02 15:15:56,rt deposito adalah sebuah tabungan berjangka yang bisa di tarik hanya dalam waktu tertentu saja. #kuis #bjbkuis #b…
2018-11-02 15:13:03,deposito merupakan produk simpanan di bank yang penyetoran maupun penarikannya hanya bisa dilakukan pa https://t.co/j9ifubek25
2018-11-02 15:12:56,pengertian depositoadalah sebuah produk simpanan sejenis investasi sederhana dari bank yang menjanjika https://t.co/j9qmu1cplf
2018-11-02 15:12:21,rt deposito yaitu produk penyimpanan uang di bank dgn sistem penyetoran yg penarikannya hanya bisa dilakukan s…
2018-11-02 15:12:18,deposito yaitu produk penyimpanan uang di bank dgn sistem penyetoran yg penarikannya hanya bisa dilaku https://t.co/kurjnn1oka
2018-11-02 15:01:35,_id jahe ginger #perfectmix #tebakanindocafe #beyondfirstclass #tebakan #kuis #quiz #tekateki
2018-11-02 15:01:11,_indonesia tugas selesai dan jawaban nama bayi binatang yg terdapat dalam banner adalah:dog &amp puppypig &amp pi https://t.co/5pohag2ia7
2018-11-02 14:58:04,produk simpanan yg disediakan oleh bank dgn ketentuan penarikan yg sudah disepakati oleh nasabah&amp;bank. https://t.co/5oay8pcny0
2018-11-02 14:56:58,deposito adalah lagu yang pernah booming di 2017 dan awal 2018 lagu deposito ini dibawakan oleh luis https://t.co/enjasmgfky
2018-11-02 14:48:58,"deposito adalah jenis tabungan yg memiliki jangka waktu,dan kelebihan produk deposito adalah bunga yan https://t.co/yrqpqixjnw"
2018-11-02 14:36:42,yuk belanja di sale stock ada kupon temen 20 ribu kode kupon vlpz atau klik https://t.co/drr6jvsjxy bisa bayar d https://t.co/a5nmaxdnl1
2018-11-02 14:23:44,deposito adalah jenis tabungan memiliki jangka waktu seperti halnya tabungan hal yang sering menjadi https://t.co/fq8vjgzapd
2018-11-02 14:13:50,menurutku deposito adalah simpanan berjangka dengan bunga menarik#kuis #bjbkuis #bjbask
2018-11-02 14:07:55,_indonesia 1 dog &amp puppy2 pig &amp piglet3 cat &amp kitten4 deer &amp fawn5 horse &amp foal6 goose &amp gosling https://t.co/rbrdp3cuz3
2018-11-02 14:07:41,deposito produk penyimpanan uang di bank dengan sistem penyetoran yang penarikannya hanya bisa dilakuk https://t.co/8regua7cmr
2018-11-02 14:07:21,sebuah produk simpanan sejenis investasi sederhana dari bank yang menjanjikan suku bunga tetap dengan https://t.co/5zx8vardsp
2018-11-02 14:05:35,produk simpanan di bank yg penyetorannya/penarikannya hnya bs dilakukan pda wktu trtentu saja bila da https://t.co/wurj5fya5e
2018-11-02 13:55:56,deposito sering disebut juga deposito berjangka merupakan produk bank sejenis jasa tabungan yang dij https://t.co/3f04h7rbql
2018-11-02 13:50:23,deposito adalah tabungan berjangka yang hanya bisa di tarik dalam waktu tertentu #kuis #bjbkuis https://t.co/wo0cnazlg8
2018-11-02 13:39:42,dear ..deposito adalah bentuk investasi tabungan dengan suku bunga tetap dan dalam jangka wak https://t.co/aeu1u1yes7
2018-11-02 13:37:39,deposito merupakanbentuk investasi tabungan dg suku bunga tetap dan dalam jangka waktu tertentu #kuis #bjbkuis #bjbask
2018-11-02 13:37:30,produk bank sejenis tabungan dimana uang yang disetorkan dalam deposito berjangka tidak boleh ditarik https://t.co/v5bbyg5hp1
2018-11-02 13:36:10,deposito yaitu bentuk investasi tabungan dg suku bunga tetap dan dalam jangka waktu tertentu #kuis #bjbkuis #bjbask
2018-11-02 13:35:59,deposito adalah sebuah produk perbankan sejenis simpanan yang memiliki jangka waktu tertentu dan menja https://t.co/wwypg9zywf
2018-11-02 13:34:50,deposito adalah simpanan di bank dengan waktu tertentu #kuis #bjbkuis #bjbask
2018-11-02 13:34:50,deposito adalah bentuk investasi tabungan dengan suku bunga tetap dan dalam jangka waktu tertentu #kuis #bjbkuis #bjbask
2018-11-02 13:27:05,deposito tabungan berjangkan dengan bunga tinggi dan hanya bisa diambil saat jangka selesai apabila di https://t.co/ljoujjta3a
2018-11-02 13:25:56,simpanan berjangka yang hanya bisa diambil di waktu tertentu simpanan lebih aman bunga lebih tinggi #kuis #bjbkuis #bjbask
2018-11-02 13:13:35,deposito adalah bentuk investasi tabungan dg suku bunga tetap dan dalam jangka waktu tertentu #kuis https://t.co/a6c1zkl8lx
2018-11-02 13:07:19,deposito adalah sebuah produk simpanan sejenis investasi sederhana dari bank yang menjanjikan suku bun https://t.co/t290ab3l49
2018-11-02 12:51:28,deposito adalah tabungan/simpanan berjangka yg hanya bisa ambil dalam jangka waktu tertentu #kuis #bjbkuis #bjbask
2018-11-02 12:47:59,deposito adalah produk bank penyimpanan dengan sistem penyetoran yang penarikannya hanya dapat dila https://t.co/str7t8fxru
2018-11-02 12:42:03,produk penyimpanan uang di bank dengan sistem penyetoran yang penarikannya hanya bisa dilakukan setela https://t.co/gpzhp8b3xp
2018-11-02 12:33:56,setahu saya deposito merupakan tabungan berjangka yg memiliki bunga yg lebih tinggi dari tabungan bias https://t.co/pdmdtcruyu
2018-11-02 12:30:01,produk penyimpanan uang di bank dengan sistem penyetoran yang penarikannya hanya bisa dilakukan setela https://t.co/xrguf8oqxg
2018-11-02 12:26:03,deposito adlh produk penyimpanan uang di bank dgn sistem penyetoran yang penarikannya hanya bisa dilak https://t.co/grlgwgqxcb
2018-11-02 12:20:42,merupakan produk tabungan dengan ketentuan jangka waktu dan bunga yang telah di tentukan dengan kesepa https://t.co/woruo2zsou
2018-11-02 12:06:59,yuk belanja di sale stock ada kupon temen 20 ribu kode kupon vlpz atau klik https://t.co/0wf4a9fqve bisa bayar d https://t.co/phd2j0anap
2018-11-02 12:01:36,deposito tabungan berjangka dengan bunga lebih tinggi dari tabungan biasa #kuis #bjbkuis #bjbask
2018-11-02 11:52:03,deposito.. jenis jasa tabungan yang mudah dipahami dan berisiko sangat rendah serta cocok untuk inves https://t.co/nfty8h4adq
2018-11-02 11:35:30,deposito merupakan produk penyimpanan uang di bank dengan sistem penyetoran yang penarikannya hanya bi https://t.co/us4ohsefr9
2018-11-02 11:31:02,deposito adlh produk bank sejenis jasa tabungan memiliki jangka waktu tertentu di mana uang di dalamny https://t.co/nvcyauhx4h
2018-11-02 11:26:33,deposito itu simpanan nasabah dengan jangka waktu terentu jangka waktu tersebut ditentukan saat perta https://t.co/smwo3huudi
2018-11-02 11:26:17,deposito yaitu sistem penyimpanan uang di bank (tabungan berjangka yang bisa ditarik dalam waktu yang https://t.co/yewu6nsl1i
2018-11-02 11:23:19,deposito ini produk yang ditawarkan bank untuk menyimpan uang dalam waktu tertentu selanjutnya dapat https://t.co/vj1xgh0m78
2018-11-02 11:14:29,deposito adalah sebuah tabungan berjangka yang bisa di tarik hanya dalam waktu tertentu #kuis #bjbkuis #bjbask
2018-11-02 11:08:29,"deposito merupakan tabungan berjangka yang ditentukan waktunya persentase bunganya,juga jumlahnya,den https://t.co/exwcvf9bo9"
2018-11-02 10:57:15,caranya mudah:1 follow instagram 📲2 #regram postingan ini tulis jawaban pada caption 📝3 men https://t.co/icbp3efjxd
2018-11-02 10:55:06,rt _ajax simpanan dari pihak ketiga kepada bank yang sistem penarikannya hanya bisa dilakukan dalam jangka waktu terten…
2018-11-02 10:49:57,deposito adalah sebuah produk tabungan berjangka #kuis #bjbkuis #bjbask
2018-11-02 10:49:40,deposito produk simpanan berjangka yang bisa di tarik hanya dalam waktu tertentu saja #kuis #bjbkuis #bjbask
2018-11-02 10:49:14,deposito adalah sebuah tabungan berjangka #kuis #bjbkuis #bjbask
2018-11-02 10:49:02,deposito adalah sebuah tabungan berjangka yang bisa di tarik hanya dalam waktu tertentu #kuis #bjbkuis #bjbask
2018-11-02 10:39:20,deposito itu simpanan berjangka #kuis #bjbkuis #bjbask
2018-11-02 10:30:50,simpanan dari pihak ketiga kepada bank yang sistem penarikannya hanya bisa dilakukan dalam jangka wakt https://t.co/e2w36qvgxs
2018-11-02 10:26:40,deposito adalah sebuah produk simpanan sejenis investasi sederhana dari bank yang menjanjikan suku bu https://t.co/pdxxmqktux
2018-11-02 10:24:41,deposito itu simpanan yang penarikannya hanya dapat dilakukan pada waktu tertentu berdasarkan perjanji https://t.co/s7psxcikpz
2018-11-02 10:24:11,deposito adalah produk simpanan di bank yang penyetorannya maupun penarikannya hanya bisa dilakukan pa https://t.co/frj3fjcqmq
2018-11-02 10:13:46,"deposito adalah tabungan/simpanan tabungan berjangka,,dimana tabunganny hanya bisa ambil dalam jangka https://t.co/a9zyje1hni"
2018-11-02 10:13:06,deposito istilah ringkasnya dana mengendap dlm beberapa kurun waktu &amp dana trsebut baru bisa diambil s https://t.co/yezxbz52pm
2018-11-02 10:11:40,deposito merupakan produk bank sejenis jasa tabungan yang biasa ditawarkan kepada masyarakat dana dal https://t.co/xz4nlvls7d
2018-11-02 09:54:44,"🇴""deposito adalah simpanan yang penarikannya hanya dapat dilakukan pada waktu tertentu https://t.co/mc7ndu6ozf"
2018-11-02 09:50:08,rt produk simpanan yg disediakan oleh bank dgn ketentuan penarikan yg sudah disepakati oleh nasabah&amp;bank.uang yg su…
2018-11-02 09:49:41,deposit adalah produk simpanan di bank yang penyetorannya maupun penarikannya hanya bisa dilakukan pad https://t.co/54jziulrmh
2018-11-02 09:49:36,deposito adalah sebuah produk perbankan sejenis simpanan yang memiliki jangka waktu tertentu dan menja https://t.co/q3asfwdxfb
2018-11-02 09:48:08,km binaiya #kuispelni _85 _zein _ajax#kuispelni#kuis https://t.co/hgoitw1eh1
2018-11-02 09:47:28,suatu produk bank sejenis jasa tabungan yang biasa ditawarkan kepada masyarakat 😊#kuis #bjbkuis #bjbask
2018-11-02 09:47:28,deposito adalah produk bank sejenis jasa tabungan memiliki jangka waktu tertentu di mana uang di dalam https://t.co/4nc0wsv2uo
2018-11-02 09:46:42,seperti halnya investasi yang mempunya jangka waktu. #kuis #bjbkuis #bjbask
2018-11-02 09:46:31,produk simpanan yg disediakan oleh bank dgn ketentuan penarikan yg sudah disepakati oleh nasabah&amp;bank. https://t.co/mlfvotgulg
2018-11-02 09:44:39,deposito produk simpanan sejenis investasi sederhana dari bank yg menjanjikan suku bunga tetap dgn j https://t.co/bfzwnegbvv
2018-11-02 09:44:24,simpanan berjangka dalam mata uang rupiah yang aman dengan bunga menarik dan beragam keuntungan lainn https://t.co/y2upbgcq53
2018-11-02 09:40:19,deposito adalah produk simpanan di bank yang penyetorannya maupun penarikannya hanya bisa dilakukan pa https://t.co/djhmwclgdm
2018-11-02 09:30:35,deposito =&gt produk simpanan d bank yg penarikannya hanya bisa dilakukan setelah melewati waktu tertent https://t.co/dtxwbbtyjt
2018-11-02 09:30:21,deposito adalah sebuah produk simpanan sejenis investasi sederhana dari bank yang menjanjikan suku bun https://t.co/lhxagueryi
2018-11-02 09:28:09,deposito produk simpanan di bank yg penyetoran/penarikan hanya bisa dilakukan pd waktu tertentu apa https://t.co/wr2ad832cp
2018-11-02 09:25:50,deposito merupakan produk investasi di bank dengan cara penyetoran dan penarikannya di waktu tertentu https://t.co/nhkj8aloam
2018-11-02 09:23:34,deposito adalah sebuah tabungan berjangka yang bisa di tarik hanya dalam waktu tertentu #kuis #bjbkuis
2018-11-02 09:22:04,deposito adalah produk simpanan di bank yang penyetorannya maupun penarikannya hanya bisa dilakukan pa https://t.co/97eyzzvuwb
2018-11-02 09:20:18,deposito memiliki jangka waktu tertentu di mana uang di dalamnya tdk boleh ditarik nasabah deposito b https://t.co/ybh5xlxbre
2018-11-02 09:19:18,deposito adalah produk simpanan di bank yang penyetorannya maupun penarikannya hanya bisa dilakukan pa https://t.co/znxku8oyoo
2018-11-02 09:17:30,pemenang yg sudah ditentukan tdk dapat diganggu gugat dan periode kuis s/d tgl 04 nov pkl 23.59#kuispelni#kuis https://t.co/2vhpgmwu2r
2018-11-02 09:17:27,deposito atau yang sering juga disebut sebagai deposito berjangka merupakan produk bank sejenis jasa https://t.co/u5ru3dwaoc
2018-11-02 09:17:04,deposito adalah produk bank sejenis jasa tabungan yg ditawarkan kepada masyarakat dimana dana dlm depo https://t.co/o9nhcowb10
2018-11-02 09:14:14,d e p o s i t o🔝disebut juga sebagai deposito berjangka merupakan produk bank sejenis jasa tabungan https://t.co/itlzj779qv
2018-11-02 09:12:51,deposito merupakan tabungan berjangka yg dimana masa penarikan bisa dilakukan setelah tanggal jatuh te https://t.co/eonmwthcur
2018-11-02 09:03:05,#kuis #bjbkuis #bjbask https://t.co/cdfvyk43au
2018-11-02 08:59:55,deposito yaitu produk simpanan di bank yg cara penyetoran dan penarikannya diwaktu tertentu saja apa https://t.co/biajopiatd
2018-11-02 08:58:26,deposito itu tabungan berjangka yang hanya bisa di tarik hanya dalam waktu tertentu saja dengan suku https://t.co/t65llltwew
2018-11-02 08:55:42,deposito merupakan produk penyimpanan uang di bank dengan sistem penyetoran yang penarikannya hanya bi https://t.co/sqhi7w2id8
2018-11-02 08:53:12,perbedaan cover penerbit spring1 hiasan bunga dan daun sebelah kanan cover2 burung hitam di ata https://t.co/cllpgslsyl
2018-11-02 08:52:44,deposito adalah sebuah produk perbankan sejenis simpanan yang memiliki jangka waktu tertentu &amp menjanj https://t.co/kinvjis3zo
2018-11-02 08:51:08,deposito atau biasa disebut deposito berjangka merupakan produk bank sejenis jasa tabung https://t.co/o7cwwwolk3
2018-11-02 08:50:22,deposito merupakan produk penyimpanan uang di bank dengan sistem penyetoran yang penarikannya hanya bi https://t.co/avsmrjz6c8
2018-11-02 08:50:02,yuk belanja di sale stock ada kupon temen 20 ribu tanpa minimal blanja klik https://t.co/jkdunatkd4 bisa bayar c https://t.co/leguhno2wl
2018-11-02 08:46:49,deposito adalah sebuah tabungan berjangka yang bisa di tarik hanya dalam waktu tertentu saja. #kuis https://t.co/hvfwfj8tse
2018-11-02 08:46:49,deposito atau yang sering juga disebut sebagai deposito berjangka merupakan produk bank sejenis jasa https://t.co/uhkpxkgppo
2018-11-02 08:45:03,deposito atau yang biasa disebut deposito berjangka yaitu produk bank sejenis tabungan yang biasa dita https://t.co/6zwok964va
2018-11-02 08:44:19,tabungan yg memiliki jangka waktu tertentu di mana uang di dalamnya tidak boleh ditarik nasabah baru b https://t.co/ji2ejf1rpt
2018-11-02 08:43:12,deposito adalah simpanan tabungan berjangka dimana tabunganny mempunyai jangka waktu tertentu dan https://t.co/8hrj8vfwne
2018-11-02 08:41:32,bila deposito dicairkan sblm jatuh tempo maka akan kena pinalti dana dlm deposito dijamin olh lps dg https://t.co/mhcjzumoux
2018-11-02 08:39:32,deposito sejenis jasa tabungan hg memiliki jangka waktu tertentu dmn uang didalamnya tdk boleh dita https://t.co/bwckfko1tp
2018-11-02 08:39:23,deposito adalah tabungan berjangka dimana tabungan hanya dapat diambil dalam jangka waktu tertentu se https://t.co/gssrzqumhb
2018-11-02 08:39:21,simpanan yang ada dibank dengan jangka waktu tertentu sehingga hanya dapat dilakukan penarikan uang j https://t.co/vhmfifw0jm
2018-11-02 08:37:15,deposito tabungan berjangkan dengan bunga tinggi dan hanya bisa diambil saat jangka selesai apabila di https://t.co/uqs0xlushc
2018-11-02 08:35:35,deposito atau yg sering juga disebut sbg deposito berjangka merupakan produk bank sejenis jasa tabung https://t.co/rb5oxhcbwy
2018-11-02 08:34:36,simpanan yang hanya bisa diambil dalam jangka waktu tertentu berbunga lebih tinggi #kuis #bjbkuis #bjbask
2018-11-02 08:34:30,depositu merupakan produk bank sejenis jasa tabungan yg biasa ditawarkan kepada masyarakat yuk ikutan https://t.co/tlwvhw5mzx
2018-11-02 08:34:26,deposito adalah tabungan berjangka dimana tabungan hanya dapat diambil dalam jangka waktu tertentu se https://t.co/asuuopyibj
2018-11-02 08:33:36,deposito merupakan produk penyimpanan uang di bank dengan sistem penyetoran yang penarikannya hanya bi https://t.co/szehry5jqg
2018-11-02 08:31:11,apa sih yang kalian ketahui tentang deposito jawab pertanyaanya dan menangkan pulsa 25rb!#kuis #bjbkuis #bjbask
2018-11-02 08:00:10,#wouldyourather have a female supervisor or a male supervisor?let talk about it.....#wouldyourather https://t.co/ps8ewn210s
2018-11-02 04:15:16,「第2回高校生東南アジア小論文コンテスト」の入賞者および学校奨励賞を本学ホームページに公開しました。https://t.co/ujxejbxot1授賞式の様子 https://t.co/qbrnegcqhe https://t.co/nvxqacl7jz
2018-11-02 02:27:17,_indonesia dog &amp puppypig &amp pigletcat &amp kittendeer &amp fawnhorse &amp foal goose &amp go https://t.co/kesowomuwm
2018-11-02 02:20:37,rt _official paper one all purpose lebih berat dari paper one copierpaper one all purpose 8 80g/m 640grpaper one c…
2018-11-02 02:20:30,_official paper one all purpose lebih berat dari paper one copierpaper one all purpose 8 80g/m 640grp https://t.co/pjo8hei9ux
2018-11-02 02:19:34,rt _id sekedar mengingatkan bagi teman-teman yang belum berpartisipasi untuk kuis kami di instagram.segera klik link dibawah ini…
2018-11-02 02:02:16,tes ketajaman mata yuk bisakah anda menebak hewan apa yang ada pada gambar di slide kedua jika anda tahu ayo tul https://t.co/psnpjtppiv
2018-11-02 01:42:49,rt good morning kami mau bagi pulsa 50 ribu utk anda yuk ikutan #kuis #kbrpagi di instagram kbr (at)kbr(dot)id boleh dong d…
2018-11-02 01:42:36,good morning kami mau bagi pulsa 50 ribu utk anda yuk ikutan #kuis #kbrpagi di instagram kbr (at)kbr(dot)id b https://t.co/9gupep7fuq
2018-11-01 23:43:41,rt good morning kami mau bagi pulsa 50 ribu utk anda yuk ikutan #kuis #kbrpagi di instagram kbr (at)kbr(dot)idboleh dong dir…
2018-11-01 23:41:57,good morning kami mau bagi pulsa 50 ribu utk anda yuk ikutan #kuis #kbrpagi di instagram kbr (at)kbr(dot)idbol https://t.co/siw3b9zcct
2018-11-01 23:29:52,_id jahe ginger#perfectmix #tebakanindocafe #beyondfirstclass #tebakan #kuis #quiz #tekateki
2018-11-01 23:28:55,#perfectmix #tebakanindocafe #beyondfirstclass #tebakan #kuis #quiz #tekateki https://t.co/fdevczzwqv https://t.co/pkeq98kgzw
2018-11-01 23:06:53,yuk belanja di sale stock ada kupon temen 20 ribu kode kupon vlpz atau klik https://t.co/0wf4a9fqve bisa bayar d https://t.co/pi8ktn6znh
2018-11-01 22:36:41,yuk belanja di sale stock ada kupon temen 20 ribu kode kupon vlpz atau klik https://t.co/drr6jvsjxy bisa bayar d https://t.co/acncbc2mzv
2018-11-01 18:30:15,_official lebih berat paper one all purposekarena paper one all purpose 8x80g/m2=640gr dan paper one copier https://t.co/ynsrhlt9yh
2018-11-01 17:50:02,yuk belanja di sale stock ada kupon temen 20 ribu tanpa minimal blanja klik https://t.co/jkdunatkd4 bisa bayar c https://t.co/26sgexk06i
2018-11-01 16:05:38,mau give away???👇👇👇👇👇scroll ke bawah.. cek gambar kamera biru yg bertuliskan peraturan nya 😃let's the odds b https://t.co/crwon2rgzt
2018-11-01 15:55:06,done #bjbretweet #kuis #bjkuis
2018-11-01 15:51:23,in het #aardse #paradijs mag ze dan één keertje in de #fout zijn gegaan #kuis was ze wel https://t.co/3fl1ntgfta
2018-11-01 14:39:53,rt _indonesia masing-masing pemenang berhak mendapatkan 1 buah #vouchermap senilai idr 100.000 🎁tunggu pm dari kami untuk langkah…
2018-11-01 14:17:48,_indonesia dog &amp puppypig &amp pigletcat &amp kittendeer &amp fawnhorse &amp foal goose &amp gosling#dynedquiz https://t.co/w36akvudtt
2018-11-01 14:11:43,halloween is coming yuk seru-seruan bareng sahabatmu buat ikutan #halloweenlagi..tunggu apalagi buruan ikutan https://t.co/iuwysu45bp
2018-11-01 14:10:54,halloween is coming yuk seru-seruan bareng sahabatmu buat ikutan #halloweenlagi..tunggu apalagi buruan ikutan https://t.co/2lhl0cttrm
2018-11-01 14:10:02,halloween is coming yuk seru-seruan bareng sahabatmu buat ikutan #halloweenlagi..tunggu apalagi buruan ikutan https://t.co/kizwk58djj
2018-11-01 13:48:28,"_id jawabannya adalah : neuropati ""#kuis _id #bioron #hidupsehat #solusilelah yuk ikutan https://t.co/rm6dxwkitx"
2018-11-01 12:58:50,_indonesia dog &amp puppypig &amp pigletcat &amp kittendeer &amp fawnhorse &amp foal goose &amp gosling#dynedquiz https://t.co/ttlk6uren5
2018-11-01 12:55:22,ikutan #dynedquiz dengan hadiah #mapgiftvoucher juga yuk : _cullent21 _segeir https://t.co/eumh6rpx7e
2018-11-01 12:16:48,rt done #bjbretweet #kuis #bjkuisb
2018-11-01 12:16:38,done #bjbretweet #kuis #bjkuisb
2018-11-01 12:13:46,done #bjbretweet #kuis #bjkuisb
2018-11-01 12:03:27,pemenang #quiztime minggu depan dapat voucher _whatsup #lapanid smart viewers jawab yuk! https://t.co/cgczaiyff1
2018-11-01 12:03:14,smart viewers jawab #quiztime bareng lewat #androidapp yuk (https://t.co/xbjbpjajec https://t.co/pn3do3nqfl
2018-11-01 12:03:00,selamat berhasil menang #quiztime minggu lalu berhadiah voucher _whatsup #lapanid!jangan lupa am https://t.co/lr3qescds4
2018-11-01 11:53:53,done #bjbretweet #kuis #bjkuisb
2018-11-01 11:52:54,done #bjbretweet #kuis #bjkuisb
2018-11-01 11:47:08,sudah: #bjbretweet #kuis #bjkuisb
2018-11-01 11:45:19,_official lebih berat paper one copier #funquiz #quiz #kuis #challange #ptrapp #goodforcustomer
2018-11-01 11:18:06,_id neuropati#kuis _id #bioron #hidupsehat #solusilelah ayo ikutan _mb4r https://t.co/p5omaewa8k
2018-11-01 11:13:58,jawaban dan pengumuman pemenang #dynedquiz ini akan diumumkan pada 13 november 2018.selamat mencoba dyned studen https://t.co/ljzaftpbjd
2018-11-01 10:36:53,yuk belanja di sale stock ada kupon temen 20 ribu kode kupon vlpz atau klik https://t.co/0wf4a9fqve bisa bayar d https://t.co/pewfwdjzmm
2018-11-01 09:41:01,human or doll ?youtube https://t.co/cis9jxjibi#share #youtube #video #asklaynamanana #ask_exo #2018mama https://t.co/hahmfqiggu
2018-11-01 09:36:59,done #bjbretweet #kuis #bjkuisb
2018-11-01 09:32:31,_id pastinya jahe ginger #perfectmix #tebakanindocafe #beyondfirstclass #tebakan #kuis #quiz #tekateki
2018-11-01 08:37:51,ada 3 ekor panda di gambar ini #skyhousequiz #skyhousebsd#skyhouseid #skyhousebsd https://t.co/jwk9cq3owp
2018-11-01 08:32:47,rt _pr 受験生応援サイト「the world gate」には、神田外語大学での学びや東南アジア、中南米にまつわるあれこれ、先生、在学生、世界で活躍する卒業生からのメッセージなど、受験生・高校生向けのコンテンツが充実！ぜひご覧ください。https://t.co…
2018-11-01 08:13:23,受験生応援サイト「the world gate」には、神田外語大学での学びや東南アジア、中南米にまつわるあれこれ、先生、在学生、世界で活躍する卒業生からのメッセージなど、受験生・高校生向けのコンテンツが充実！ぜひご覧ください。 https://t.co/wzpbznm2db
2018-11-01 07:22:07,rt _id jangan lupa ini hari terakhir kuis #pedejumbo dapetin saldo pede senilai 25 ribu rupiah besok udah pengumuman pemenang loh!…
2018-11-01 07:17:39,rt hai sahabat jd masih pada semangat beraktivitas kan nah biar tau kamu masih semangat yuk tulis kata pertama yang kamu liat dan…
2018-11-01 07:00:27,_id jahe ginger #perfectmix #tebakanindocafe #beyondfirstclass #tebakan #kuis #quiz #tekatekyuk ikutan https://t.co/rhqhixfkbo
2018-11-01 06:49:44,done #bjbretweet #kuis#bjkuisb
2018-11-01 06:48:59,ada 3 ekor panda di gambar ini #skyhousequiz #skyhousebsd#skyhouseid #skyhousebsd https://t.co/oqxadsf02b
2018-11-01 06:45:42,hay selamat siang ⛅️ada 3 panda 🐼#skyhouseid #skyhousebsd #skyhousealamsutera https://t.co/kszopmcui8
2018-11-01 06:36:41,yuk belanja di sale stock ada kupon temen 20 ribu kode kupon vlpz atau klik https://t.co/drr6jvsjxy bisa bayar d https://t.co/lfkw0c8zn1
2018-11-01 06:33:13,_id dear admin jawabannya jahe ginger #perfectmix #tebakanindocafe #beyondfirstclass #tebakan #kuis #quiz #tekateki
2018-11-01 06:01:28,jd flight paket data tiket kereta jd hotel token listrik#jdid #giveaway #quiz #kompetisi #dijaminori https://t.co/xalrzaeo0y
2018-11-01 05:59:10,"_official hi sahabat menurutku,lebih berat paperone allpurpose 8 x 80g 640,daripada paperone copier 9 x 70g https://t.co/wsffsxrtii"
2018-11-01 05:56:52,rt tweepsoners ini hari terakhir #kuisepsonia berhadiah 4 voucher epass sodexo rp200 ribu kalau kamu belum ikutan sila…
2018-11-01 05:38:43,done #bjbretweet #kuis #bjkuis
2018-11-01 05:35:18,jangan lupa ini hari terakhir kuis #pedejumbo dapetin saldo pede senilai 25 ribu rupiah besok udah pengumuman pem https://t.co/fgn25zgrum
2018-11-01 05:14:53,"_id jawabannya adalah ""neuropati ikutan juga yuu https://t.co/ubhjpmawhv"
2018-11-01 04:48:52,mau paket novel gratis?ayo masih ada waktu buat ikutan kuis #duotulalit ini cuma sampai jam 12 malam ini saja y https://t.co/p4y798sps3
2018-11-01 04:46:42,done #bjbretweet #kuis #bjkuisb
2018-11-01 04:39:45,_official lebih berat paper one all purposekrn paper one all purpose 8x80g/m2=640gr sdgkan paper one copier 9 https://t.co/pkjtdb93ex
2018-11-01 04:38:34,_id neuropati 🔄#bioron #hidupsehat #solusilelahayo join sob #kuis _id 🙏🎙 _win15 🎙 https://t.co/zu2tpgafjj
2018-11-01 04:21:17,"_official hai admin,jawabannya adalah lebih berat paper one all purpose,meskipun lebih sedikit jumlahnya,tapi https://t.co/6qguprypfl"
2018-11-01 03:54:15,_official lebih berat paper one all purpose 8 x 80g/m2 640 daripada paper one copier 9 x 70mg/m2 630 https://t.co/ole4joxubc
2018-11-01 03:44:15,rt good morning kami mau bagi pulsa 50 ribu utk anda yuk ikutan #kuis #kbrpagi di instagram kbr soal #kenaikangaji boleh…
2018-11-01 03:44:07,sudah retweet #bjbretweet #kuis #bjbkuis https://t.co/xx5mqihm07
2018-11-01 03:30:48,#kuis 1 follow media sosial _id 2 rt dan jawab 3 ajak 5 sahabat bioni ikutan4 hashtag #bioron https://t.co/ij6e1fijmp
2018-11-01 03:28:59,good morning kami mau bagi pulsa 50 ribu utk anda yuk ikutan #kuis #kbrpagi di instagram kbr soal #kenaikangaji https://t.co/606xqfqqhl
2018-11-01 03:22:18,hi sahabat saatnya menguji ketelitianmu kira-kira mana yang lebih berat antara kedua tumpukan #paperone ream pada https://t.co/kkekgw32sr
2018-11-01 03:00:12,variant apakah yang ada pada gambar ini sob #perfectmix #tebakanindocafe #beyondfirstclass #tebakan #kuis #quiz https://t.co/k551an0qtw
2018-11-01 02:50:02,yuk belanja di sale stock ada kupon temen 20 ribu tanpa minimal blanja klik https://t.co/jkdunatkd4 bisa bayar c https://t.co/3methyy1p5
2018-11-01 02:38:55,_id jangan lupa merapat _id karena ada #kuis #bioron _85 _fahma _richi
2018-11-01 02:35:54,jangan lupa hari ini sobat bioniada kuis dari bioronrt dulu dan kasih kabar buat sobat bioni#kuis #bioron https://t.co/27yvlnclsp
2018-11-01 01:29:14,done #bjbretweet #kuis #bjkuisb
2018-11-01 01:13:10,"flight paket data,tiket kereta hotel token listrik #jdid #giveaway #quiz #kompetiai #dijaminori #kuis https://t.co/ionyaloakd"
2018-11-01 00:24:35,rt good morning kami mau bagi pulsa 50 ribu utk anda yuk ikutan #kuis #kbrpagi di instagram kbr soal #kenaikangaji boleh do…
2018-11-01 00:24:19,good morning kami mau bagi pulsa 50 ribu utk anda yuk ikutan #kuis #kbrpagi di instagram kbr soal #kenaikangaji https://t.co/bntpqlmne0
2018-10-31 23:45:31,rt good morning kami mau bagi pulsa 50 ribu utk anda yuk ikutan #kuis #kbrpagi di instagram kbr soal #kenaikangajiboleh dong…
2018-10-31 23:45:26,good morning kami mau bagi pulsa 50 ribu utk anda yuk ikutan #kuis #kbrpagi di instagram kbr soal #kenaikangaji https://t.co/79w6ird2ge
2018-10-31 23:40:42,#bjbretweet #kuis #bjkuisb
2018-10-31 23:21:59,ada 3 ekor panda pada gambaryuk ikutan _veron _niwrad09 _885 https://t.co/slmvnuposo
2018-10-31 23:14:37,ada 3 ekor panda di gambarig wulan chayaankfb wulan chayaanktwitter yuk ik https://t.co/0v0kzwtqxv
2018-10-31 22:14:24,rt done #bjbretweet #kuis #bjkuisb
2018-10-31 22:06:44,yuk belanja di sale stock ada kupon temen 20 ribu kode kupon vlpz atau klik https://t.co/0wf4a9fqve bisa bayar d https://t.co/jkkrtra1s0
2018-10-31 16:37:44,rt saatnya kuis akhir pekan‼️1 follow akun twitter &amp twitter _herudewanto 2 temukan 3 kata.4 menangka…
2018-10-31 14:36:42,yuk belanja di sale stock ada kupon temen 20 ribu kode kupon vlpz atau klik https://t.co/drr6jvsjxy bisa bayar d https://t.co/yybelmon9f
2018-10-31 13:57:51,done #bjkuisb #kuis #bjkuisb
2018-10-31 13:49:50,done #bjbretweet #kuis #bjbkuisb
2018-10-31 13:44:14,"""jd flight""mungkin karena kepikiran pengen liburan pake pesawat dan kebetulan lagi ada promo jd flight samp https://t.co/oasw4g8old"
2018-10-31 13:18:54,ada 3 panda pada gambar #skyhouseid #skyhousebsd #skyhousealamsutera #winnerwednesday #kuis https://t.co/xlyxhza0j7
2018-10-31 13:01:52,rt _fatimah puzzle a #cvrachmat#cvrachmatmakassar#cvrachmatsamarinda #games#kuis #providertenda #tenda#games #gam…
2018-10-31 12:50:49,tko ih sisa nek se smrznu tulipani u norveskoj djeca u vrticima obavezno provode cetiri sata dnevno n https://t.co/0kkkxx5ych
2018-10-31 11:51:25,rt tweepsoners saatnya #kuisepsonia sudah siap silakan klik https://t.co/bgabpsx8dh pastikan kamu memenuhi persyaratan…
2018-10-31 11:50:04,yuk belanja di sale stock ada kupon temen 20 ribu tanpa minimal blanja klik https://t.co/jkdunatkd4 bisa bayar c https://t.co/jwok1t5hmh
2018-10-31 11:47:10,rt _id nah lho~kira-kira ada berapa yah angka 7 yang muncul dari angka 1-100?yuk share jawaban-mu di kolom komentar 👻#ex…
2018-10-31 11:46:36,nah lho~kira-kira ada berapa yah angka 7 yang muncul dari angka 1-100?yuk share jawaban-mu di kolom komentar 👻 https://t.co/0xjnztabs9
2018-10-31 11:36:36,ada 3 panda pada gambar #skyhouseid #skyhousebsd #skyhousealamsutera #winnerwednesday #kuis https://t.co/om4bdf941d
2018-10-31 11:18:08,done #bjbretweet #kuis #bjkuisb https://t.co/23gm0cyogd
2018-10-31 11:02:40,done #bjbretweet #kuis #bjkuisb https://t.co/iscg0rp7tf
2018-10-31 10:58:52,done #bjbretweet #kuis #bjkuisb https://t.co/mdrpwdpreg
2018-10-31 10:34:46,done all #bjbretweet #kuis#bjkuisb
2018-10-31 10:14:08,done retweet #bjbretweet #kuis #bjkuisb
2018-10-31 10:03:21,done #bjbretweet #kuis #bjbkuis
2018-10-31 09:55:36,done #bjbretweet #kuis #bjkuis
2018-10-31 09:45:34,#bjbretweet #kuis #bjbkuis
2018-10-31 09:36:55,yuk belanja di sale stock ada kupon temen 20 ribu kode kupon vlpz atau klik https://t.co/0wf4a9fqve bisa bayar d https://t.co/hceolk9voh
2018-10-31 09:15:49,done#bjbretweet #kuis #bjbkuis #bjkuis #bjbsimuda
2018-10-31 09:12:50,akan ada 4 pemenang beruntung dengan hadiah menarik untuk foto yang paling menginspirasi jadi apa barang favorit https://t.co/eetdugamut
2018-10-31 09:11:13,"tweepsoners ini hari terakhir #kuisepsonia berhadiah 4 voucher epass sodexo rp200 ribu kalau kamu belum ikutan, https://t.co/iqgmmdv62o"
2018-10-31 08:37:12,jawabannya :ada 3 ekor panda di gambar ini #skyhousequiz #skyhousebsd#skyhouseid https://t.co/x7ckxws5d1
2018-10-31 08:16:49,done#bjbretweet #kuis #bjbkuis #bankbjb #bjbsimuda https://t.co/cjmlmlj7dj
2018-10-31 08:08:45,jawabannya :ada 3 ekor panda di gambar ini #skyhousequiz #skyhousebsd#skyhouseid https://t.co/kegyh48jvs
2018-10-31 07:25:16,done #bjbretweet #kuis #bjkuis
2018-10-31 07:25:09,sudah di retweet foto ny mimin done wish me luck! #bjbretweet #kuis #bjbkuis
2018-10-31 07:24:19,sudah di retweet foto ny mimin done wish me luck! #bjbretweet #kuis #bjkuisb
2018-10-31 07:22:50,sudah di retweet foto ny mimin done wish me luck! #bjbretweet #kuis #bjkuisb
2018-10-31 07:04:18,sudah dong hehehe #bjbretweet#kuis #bjbkuis
2018-10-31 07:02:19,done #bjbretweet #kuis #bjbkuis
2018-10-31 07:00:53,done #bjbretweet #kuis #bjkuisb
2018-10-31 06:59:11,done retweet #bjbretweet #kuis #bjkuis
2018-10-31 06:54:56,ada 3 panda pada gambar diatas#skyhouseid #skyhousebsd #skyhousealamsutera #winnerwednesday https://t.co/gmbf5f2lrd
2018-10-31 06:53:17,informasi penting nih teman-teman... #bjbretweet #kuis #bjbsimuda
2018-10-31 06:52:11,ada 3 panda pada gambar diatas#skyhouseid #skyhousebsd #skyhousealamsutera #winnerwednesday https://t.co/bxkzvjzvty
2018-10-31 06:44:38,sekedar mengingatkan bagi teman-teman yang belum berpartisipasi untuk kuis kami di instagram.segera klik link diba https://t.co/dpfwmhcdca
2018-10-31 06:42:29,done#bjbretweet #kuis #bjbkuis #bjkuis #bjkuisb #bjbsimuda
2018-10-31 06:36:44,yuk belanja di sale stock ada kupon temen 20 ribu kode kupon vlpz atau klik https://t.co/drr6jvaj6q bisa bayar d https://t.co/g9zmolb2ld
2018-10-31 06:25:33,siap done #bjbretweet #kuis #bjkuisb
2018-10-31 06:24:55,done rt #bjbretweet #kuis #bjkuis
2018-10-31 06:19:46,#bankbjb #bjbsimuda #bjbretweet #kuis #bjbkuis
2018-10-31 06:08:23,done #bjbretweet #kuis #bjbkuis
2018-10-31 06:08:02,mau lapor done retweet bos #bjbretweet #bjbkuis #kuis
2018-10-31 06:02:59,#bjbretweet #kuis #bjkuisb https://t.co/screlesqyn
2018-10-31 06:02:26,done #bjbretweet #kuis #bjkuisb #bjbsimuda
2018-10-31 05:57:01,done rt #bjbretweet #kuis #bjkuisb https://t.co/1dxtbtu8ht
2018-10-31 05:56:00,done retweet #bjbretweet #kuis #bjkuisb
2018-10-31 05:53:55,done rt #bjbretweet #kuis #bjkuisb
2018-10-31 05:51:21,yuk retweet foto sebelum ini dan menangkan pulsa 25rb #bjbretweet #kuis #bjkuisb
2018-10-31 04:37:03,yuk belanja di sale stock ada kupon temen 20 ribu kode kupon vlpz atau klik https://t.co/0wf4a9og46 bisa bayar d https://t.co/xwyomxidif
2018-10-31 04:20:02,yuk belanja di sale stock ada kupon temen 20 ribu tanpa minimal blanja klik https://t.co/jkdunakw1e bisa bayar c https://t.co/opfvkrp0mw
2018-10-31 03:50:59,8 pemenang berdasarkan pilihan admin dan like terbanyakayo ditunggu postingannya ada hadiah menarik bagi yang be https://t.co/qbuyokuyez
2018-10-31 00:37:17,karya anak bangsa .....karya anak bangsa sebelah . https://t.co/nzpun5ffwu
2018-10-31 00:29:36,"rt good morning kami mau bagi pulsa 50 ribu utk anda yuk ikutan #kuis #kbrpagi di instagram kbr boleh dong diretweet dulu,…"
2018-10-31 00:29:13,good morning kami mau bagi pulsa 50 ribu utk anda yuk ikutan #kuis #kbrpagi di instagram kbr boleh dong dire https://t.co/astk2kctdo
2018-10-30 23:45:39,rt good morning kami mau bagi pulsa 50 ribu utk anda yuk ikutan #kuis #kbrpagi di instagram kbr boleh dong diretweet dulu k…
2018-10-30 23:45:23,good morning kami mau bagi pulsa 50 ribu utk anda yuk ikutan #kuis #kbrpagi di instagram kbr boleh dong diretw https://t.co/oyedmnacwd
2018-10-30 20:50:02,yuk belanja di sale stock ada kupon temen 20 ribu tanpa minimal blanja klik https://t.co/jkdunatkd4 bisa bayar c https://t.co/pmadilex01
2018-10-30 19:16:47,rt kamu mau hadiah #emoneyamd saldo rp.100.000 dari amd gratis nih yuk ikutan #giveaway dengan ikuti aturan di https:…
2018-10-30 18:36:53,yuk belanja di sale stock ada kupon temen 20 ribu kode kupon vlpz atau klik https://t.co/0wf4a9fqve bisa bayar d https://t.co/f4nxpi8nst
2018-10-30 17:29:15,rt kamis manis guys..mimin mau kasih ice breaking nih buat kalian semua..di gambar berikut ini ada 6 kata tersembunyi loh..…
2018-10-30 16:44:32,kata pertama yg saya temukan adalah : paket data #jdid #giveaway #quiz #kompetisi #dijaminori #kuis
2018-10-30 14:36:42,yuk belanja di sale stock ada kupon temen 20 ribu kode kupon vlpz atau klik https://t.co/drr6jvsjxy bisa bayar d https://t.co/kgwudiwpwm
2018-10-30 13:51:37,istri#jdid #giveaway #quiz #kompetisi #dijaminori #kuis
2018-10-30 13:49:59,lalu#jdid #giveaway #quiz #kompetisi #dijaminori #kuis
2018-10-30 13:45:39,laut#jdid #giveaway #quiz #kompetisi #dijaminori #kuis
2018-10-30 13:00:50,masing-masing pemenang berhak mendapatkan 1 buah #vouchermap senilai idr 100.000 🎁tunggu pm dari kami untuk lang https://t.co/wtchvabfrx
2018-10-30 12:00:49,9 _4810 ya kepada para pemenang #indonesiajuara #panganaman #kuis #giveaway https://t.co/d5ohfgipwa
2018-10-30 10:05:48,"rt _id dapatkan voucher senilai total rp 500.000,00 dengan menjawab apa sih arti sumpah pemuda menurut kamu di masa kini ayo kirim…"
2018-10-30 09:59:25,puzzle a#cvrachmat #cvrachmatmakassar #cvrachmatsamarinda #games #kuis #providertenda #tenda https://t.co/dxponwakvd
2018-10-30 09:56:56,rt pernah gak kamu main puzzle kamu bisa temukan gak potongan yang cocok dari gambar diatas?..jawab yah dan tag teman…
2018-10-30 09:42:38,puzzle a#cvrachmat #cvrachmatmakassar #cvrachmatsamarinda #games #kuis #providertenda #tenda https://t.co/wtttpl0cfl
2018-10-30 08:18:07,"rt hallo 🙋dear 💕 jawaban : puzzle a ""ayo ikutan sob ! …"
2018-10-30 06:59:43,"hallo 🙋dear 💕 jawaban : puzzle a ""ayo ikutan sob ! https://t.co/feibdchlen"
2018-10-30 06:06:50,yuk belanja di sale stock ada kupon temen 20 ribu kode kupon vlpz atau klik https://t.co/0wf4a9fqve bisa bayar d https://t.co/zvqe8pigxd
2018-10-30 06:04:05,paket data #jdid #giveaway #quiz #kompetisi #dijaminori #kuis
2018-10-30 06:02:17,kriteria jodoh ideal dan idaman buatku adalah yang seiman punya kepribadian baik dan sudah berkerj https://t.co/nnlwct9tvl
2018-10-30 05:50:04,yuk belanja di sale stock ada kupon temen 20 ribu tanpa minimal blanja klik https://t.co/jkdunatkd4 bisa bayar c https://t.co/renmmhjxhf
2018-10-30 05:21:49,hai sahabat jd masih pada semangat beraktivitas kan nah biar tau kamu masih semangat yuk tulis kata pertama yang https://t.co/7x4m60vwzc
2018-10-30 04:55:31,rt _danie jawaban potongan puzzle yang a#cvrachmat #cvrachmatmakassar #cvrachmatsamarinda #games #kuis #providert…
2018-10-30 04:25:47,jawaban puzzle a#cvrahmat #cvrahmatmakassar #cvrahmatsamarinda #games #kuis #providertenda https://t.co/y1uhzz2hm3
2018-10-30 04:12:39,puzzle a#cvrachmat #cvrachmatmakassar #cvrachmatsamarinda #games #kuis #providertenda #tenda https://t.co/xuhca9vyha
2018-10-30 04:10:04,rt puzzle a#cvrachmat #cvrachmatmakassar #cvrachmatsamarinda #games #kuis #providertenda #tenda #games #games…
2018-10-30 04:04:43,jawaban potongan puzzle yang a#cvrachmat #cvrachmatmakassar #cvrachmatsamarinda #games #kuis https://t.co/gopjv99zwi
2018-10-30 03:46:00,rt gampang banget kok cara buat ikutan #giveaway yuk ikutan dapatkan hadiah #emoneyamd saldo rp.100.000 #gratis selengka…
2018-10-30 02:38:03,puzzle a #cvrachmat#cvrachmatmakassar#cvrachmatsamarinda #games#kuis #providertenda #tenda https://t.co/4ddxaj6rkq
2018-10-30 02:37:29,puzzle a #cvrachmat#cvrachmatmakassar#cvrachmatsamarinda #games#kuis #providertenda #tenda https://t.co/bekykyt7o9
2018-10-30 02:25:28,#ukmbangi#kuis #uniklbangi#rumahsewa
2018-10-30 02:20:18,rt good morning kami mau bagi pulsa 50 ribu utk anda yuk ikutan #kuis #kbrpagi di instagram kbr soal #lionairjt610 bole…
2018-10-30 01:56:15,jawabannya adl puzzle a#cvrachmat #cvrachmatmakassar #cvrachmatsamarinda #games #kuis https://t.co/hhqptdfgek
2018-10-30 01:50:20,puzzle a#cvrachmat #cvrachmatmakassar #cvrachmatsamarinda #games #kuis #providertenda #tenda https://t.co/9frt4fqcsv
2018-10-30 01:49:14,good morning kami mau bagi pulsa 50 ribu utk anda yuk ikutan #kuis #kbrpagi di instagram kbr soal #lionairjt610 https://t.co/hu0znzuroj
2018-10-30 00:57:31,rt good morning kami mau bagi pulsa 50 ribu utk anda yuk ikutan #kuis #kbrpagi di instagram kbr soal #lionairjt610 boleh…
2018-10-30 00:51:21,rt _iijimaa1 またこの季節が巡ってきた( ^ 赤の手袋はリン酸、その他の色の手袋は塩基、体はデオキシリボースかリボース。学生がヌクレオチドになる生物学❤ #kuis #ミレニアムハウ https://t.co/rxqch47i5g
2018-10-30 00:49:01,またこの季節が巡ってきた( ^ 赤の手袋はリン酸、その他の色の手袋は塩基、体はデオキシリボースかリボース。学生がヌクレオチドになる生物学❤ #kuis #ミレニアムハウ https://t.co/rxqch47i5g
2018-10-30 00:00:34,pernah gak kamu main puzzle kamu bisa temukan gak potongan yang cocok dari gambar diatas?..jawab yah dan tag te https://t.co/h2dre99dug
2018-10-29 23:55:33,good morning kami mau bagi pulsa 50 ribu utk anda yuk ikutan #kuis #kbrpagi di instagram kbr soal #lionairjt610 https://t.co/zwrqgiymbs
2018-10-29 23:52:41,rt good morning kami mau bagi pulsa 50 ribu utk anda yuk ikutan #kuis #kbrpagi di instagram kbr soal #lionairjt610 boleh do…
2018-10-29 23:52:06,good morning kami mau bagi pulsa 50 ribu utk anda yuk ikutan #kuis #kbrpagi di instagram kbr soal #lionairjt610 https://t.co/ppn77qelek
2018-10-29 22:36:40,yuk belanja di sale stock ada kupon temen 20 ribu kode kupon vlpz atau klik https://t.co/drr6jvsjxy bisa bayar d https://t.co/d5xslelhpb
2018-10-29 17:36:55,yuk belanja di sale stock ada kupon temen 20 ribu kode kupon vlpz atau klik https://t.co/0wf4a9fqve bisa bayar d https://t.co/szkpvucavv
2018-10-29 16:43:34,rt _jasaraharja jasfren mau ikut kuis cek syaratnya di instagram _jasaraharja now!#harisumpahpemuda#jasaraharja#bumnhadiruntuk…
2018-10-29 15:00:21,lari kehutan badan basahlari di gurun kepanasanayo kita jadi nasabahbank bjb sebagai pilihan sem https://t.co/ihswjhdktx
2018-10-29 14:50:03,yuk belanja di sale stock ada kupon temen 20 ribu tanpa minimal blanja klik https://t.co/jkdunatkd4 bisa bayar c https://t.co/jwpgycvxwd
2018-10-29 14:42:09,rt cara menjawabnya:1 post gambar yang ada jawabannya di medsos kamu (timeline/story)2 tag akun klubpompi dan 3 orang teman…
2018-10-29 14:41:48,rt 4 akun media sosial jangan diprivat ya5 satu akun hanya bisa mengikuti satu kali giveaway6 kuis giveaway pompi ini hing…
2018-10-29 12:39:52,"proud of you ma brotha hafizuddintpg congrats on your convocation #thirdconvoinfamily #unisel next, https://t.co/4itabvirg2"
2018-10-29 11:54:54,rt tweepsoners sudah ikutan #kuisepsonia berhadiah 4 voucher epass sodexo rp200 ribu kalau belum silakan klik https:/…
2018-10-29 11:39:20,rt _ selamat kepada para pemenang _goodvibe #kuis asuransi mag bagi-bagi hadiah periode 19-25 oktober 201…
2018-10-29 11:09:03,↓回答ありがとうございました♪今年の浜風祭はどうでしたか？(*^^*)運営してくださった人、発表したり売ったり準備から当日まで関わって下さった人、見えないところでも様々働いてくださった人、全ての皆さん本当にお疲れ様でしたーー https://t.co/0lj24etmkl
2018-10-29 08:09:25,rt tweepsoners sudah ikutan #kuisepsonia kalau belum silakan klik https://t.co/bgabpsfxlj pastikan kamu memenuhi persy…
2018-10-29 06:52:19,rt kami mau bagi pulsa 50 ribu utk anda yuk ikutan #kuis #kbrpagi di instagram kbr soal #sumpahpemuda boleh dong dire…
2018-10-29 06:44:48,kami mau bagi pulsa 50 ribu utk anda yuk ikutan #kuis #kbrpagi di instagram kbr soal #sumpahpemuda bole https://t.co/rbe7s2occi
2018-10-29 06:36:41,yuk belanja di sale stock ada kupon temen 20 ribu kode kupon vlpz atau klik https://t.co/drr6jvsjxy bisa bayar d https://t.co/ot3drda0ns
2018-10-29 06:04:59,_indo jawabannya 0 .#dokterid #kuisid #tebaktebakan #kuis #tebaklogika #hitung #hitungan #kuisangka
2018-10-29 06:03:55,rt _indo cuma sobat jenius yang bisa memecahkan pertanyaan dibawah ini dengan tepat!.apakah kamu salah satunya yuk coba tulis j…
2018-10-29 06:00:12,cuma sobat jenius yang bisa memecahkan pertanyaan dibawah ini dengan tepat!.apakah kamu salah satunya yuk coba https://t.co/z05i6wexxp
2018-10-29 05:06:54,yuk belanja di sale stock ada kupon temen 20 ribu kode kupon vlpz atau klik https://t.co/0wf4a9fqve bisa bayar d https://t.co/c61wvrdkei
2018-10-29 04:58:36,selamat kepada para pemenang _goodvibe #kuis asuransi mag bagi-bagi hadiah periode 19-25 oktob https://t.co/ow48fgetgl
2018-10-29 04:47:29,tebak bila tepat $225 untuk anda. klik link berikut https://t.co/oyjyeyujgo ikuti kuisnya jangan dilewatkan !! https://t.co/vhaypxhjre
2018-10-29 04:23:00,big match periode 03 04 november 2018 #arsenal_vs_liverpool #bournemouth_vs_manchester_united https://t.co/cudk1azpfu
2018-10-29 03:27:04,selamat kepada para pemenang _goodvibe #kuis asuransi mag bagi-bagi hadiah periode 19-25 oktob https://t.co/2nrx7m8xts
2018-10-29 01:53:29,#indobet365 #kuis #tebakskorikutin kuis tebak skor berhadiah pulsa 250 ribuhanya disini https://t.co/ykunxmlfnr https://t.co/cvjzufrzye
2018-10-29 00:50:09,rt good morning kami mau bagi pulsa 50 ribu utk anda yuk ikutan #kuis #kbrpagi di instagram kbr soal #sumpahpemuda b…
2018-10-29 00:49:59,good morning kami mau bagi pulsa 50 ribu utk anda yuk ikutan #kuis #kbrpagi di instagram kbr soal #sumpahpemuda https://t.co/yl1jsauuqj
2018-10-29 00:23:32,rt good morning kami mau bagi pulsa 50 ribu utk anda yuk ikutan #kuis #kbrpagi di instagram kbr soal #sumpahpemuda bol…
2018-10-28 23:59:00,good morning kami mau bagi pulsa 50 ribu utk anda yuk ikutan #kuis #kbrpagi di instagram kbr soal #sumpahpemuda https://t.co/720m4tg1in
2018-10-28 23:56:45,rt _linu temukan 3 warna yang tolak linu banget!.tulis jawabanmu di kolom komentar cantumkan #tradisimasakini pada jawabanmu dan…
2018-10-28 23:50:05,yuk belanja di sale stock ada kupon temen 20 ribu tanpa minimal blanja klik https://t.co/jkdunatkd4 bisa bayar c https://t.co/fkwnrwbodh
2018-10-28 23:30:31,rt _cezh bpom ri md yuk ikutan juga _ahmad #kuis #pompigiveaway #panganaman #indonesiajua…
2018-10-28 17:52:16,barcelona vs real madrid ft 5 1 #barcelona #realmadrid #messi #togel #togelsgp #prediksi #jakarta #medan https://t.co/hebhwjfoqt
2018-10-28 17:45:58,rt yuk retweet foto sebelum ini untuk memenangkan pulsa 25rb #bjbretweet #kuis #bjkuis
2018-10-28 16:50:55,bpom ri md #indonesiajuara #panganaman #giveaway #kuis #pompigiveaway yuk follow dan ikuti k https://t.co/grmxijm16g
2018-10-28 16:36:50,yuk belanja di sale stock ada kupon temen 20 ribu kode kupon vlpz atau klik https://t.co/0wf4a9fqve bisa bayar d https://t.co/0gfgq6no4y
2018-10-28 15:22:09,bpom ri md#indonesiajuara #panganaman #giveaway #kuis#pompigiveaway _
2018-10-28 15:16:56,bpom ri md#indonesiajuara #panganaman #giveaway #kuis#pompigiveaway yuk ikutan kuisnya. https://t.co/vgtz2drddm
2018-10-28 15:13:44,bpom ri md#indonesiajuara #panganaman #giveaway #kuis#pompigiveaway yuk ikutan kuisnya. https://t.co/vyj4odhyul
2018-10-28 15:07:39,bpom ri md#indonesiajuara #panganaman #giveaway #kuis#pompigiveaway yuk ikutan kuisnya. https://t.co/lwdovqf6oa
2018-10-28 14:57:49,bpom ri md#indonesiajuara #panganaman #giveaway #kuis#pompigiveawayyuk ikutan _ha _
2018-10-28 14:53:54,bpom ri md#indonesiajuara #panganaman #giveaway #kuis#pompigiveawayyuk ikutan juga https://t.co/mjiludun8i
2018-10-28 14:52:52,yuk ikutan gaes #lombafoto#cirebonpower _alita _dewi _1402 _ieiend https://t.co/w4c9le4nnq
2018-10-28 14:43:26,bpom ri md#indonesiajuara #panganaman #giveaway #kuis#pompigiveaway yuk ikutan kuisnya. https://t.co/j7heyjwi9i
2018-10-28 14:43:12,"_id dengan sumpa pemuda mestinya kita semakin berjanji untuk bersatu menjaga nkri apapun suku agama ras, https://t.co/ptuipb3rds"
2018-10-28 14:36:42,yuk belanja di sale stock ada kupon temen 20 ribu kode kupon vlpz atau klik https://t.co/drr6jvsjxy bisa bayar d https://t.co/av64jpd3ck
2018-10-28 14:24:38,rt haloo sobat sobat amd mau hadiah dari kami caranya gampang lihat di https://t.co/2rn1nlyyqi #emoneyamd saldo rp.100.000…
2018-10-28 14:04:40,dear jawabannya :bpomri mdyuk guys ikutan juga semoga terpilih https://t.co/ga6lv18lyq
2018-10-28 14:00:00,gampang banget kok cara buat ikutan #giveaway yuk ikutan dapatkan hadiah #emoneyamd saldo rp.100.000 #gratis se https://t.co/qizrlendy4
2018-10-28 13:30:00,haloo sobat sobat amd mau hadiah dari kami caranya gampang lihat di https://t.co/2rn1nlyyqi #emoneyamd saldo rp.1 https://t.co/slmw83anb3
2018-10-28 13:25:10,rt hola! sobat sobat amd sekarang waktunya #giveaway dapatkan hadiah #emoneyamd saldo rp.100.000 #gratis caranya gampang…
2018-10-28 13:19:30,yuk ikutan #kuis di #instagram. #cocofestindonesia https://t.co/z0evieuegp
2018-10-28 13:15:01,ada hadiah nih mau ga #emoneyamd saldo rp.100.000 #gratis yuk ikutan #kuis #berhadiah #amdrocktour dengan ikuti https://t.co/fmtenuuhpq
2018-10-28 13:00:01,hola! sobat sobat amd sekarang waktunya #giveaway dapatkan hadiah #emoneyamd saldo rp.100.000 #gratis caranya g https://t.co/a6d7jzxcqc
2018-10-28 12:31:32,rt gausah panik besok hari senin soalnya amd mau bagi bagi giveaway #emoneyamd saldo rp.100.000 eksklusif amd menanti untuk…
2018-10-28 12:30:00,gausah panik besok hari senin soalnya amd mau bagi bagi giveaway #emoneyamd saldo rp.100.000 eksklusif amd menanti https://t.co/vlvqe1yxyp
2018-10-28 12:14:42,jodoh yang seiman aku tidak meminta seorang yang sempurna namun aku meminta seorang yang tidak se https://t.co/88euc4oove
2018-10-28 12:07:17,rt いよいよ今週末。神田外語大学「浜風祭」にて、トーク&amp;ライブ！一般の方も入れるイベントですので、是非遊びに来て下さい！会場でお会い出来るのを楽しみにしています。#hamakazesai #浜風 #kuis #神田外語大 #hiro…
2018-10-28 12:07:07,rt safely arrived at haneda airport!!see you tomorrow at kanda university of international studies 無事に羽田空…
2018-10-28 12:00:00,haloo sobat amd mau #hadiah #emoneyamd saldo rp.100.000 #gratis dengan ikutan #giveaway caranya ikuti aturan di https://t.co/je9datvric
2018-10-28 11:56:24,kuis dua kosong dua empatyoutube https://t.co/t1c0oj73n6#kuis #duakosongduaempat #jakarta #indonesia https://t.co/kcuo61a320
2018-10-28 11:30:00,giveaway alert ada hadiah #emoneyamd saldo rp.100.000 #gratis yuk ikutan #giveaway dengan ikuti aturan di https://t.co/rnkeiexwea
2018-10-28 11:18:03,"rt yuk kasih tahu mintang tentang definisi dan kriteria ""jodoh ideal dan idaman menurut sahabat bentang mention jawaban…"
2018-10-28 11:06:02,"bpom ri md#indonesiajuara #panganaman #giveaway #kuis#pompigiveawayyuk ikutan juga""1. https://t.co/jnyrylylli"
2018-10-28 11:00:00,kamu mau hadiah #emoneyamd saldo rp.100.000 dari amd gratis nih yuk ikutan #giveaway dengan ikuti aturan di https://t.co/2uww6dnezr
2018-10-28 10:40:51,"rt pertanyaan kali ini tentang ""jodoh idaman sahabat bentang pasti punya kriteria masing-masing kan tentang ""pasangan a…"
2018-10-28 10:40:48,rt okay deh yuk kalau gitu kita mulai #kuis #bentangebook nya yeay😍
2018-10-28 10:09:51,"yuk kasih tahu mintang tentang definisi dan kriteria ""jodoh ideal dan idaman menurut sahabat bentang mention jawa https://t.co/vasgfinifj"
2018-10-28 10:07:25,"pertanyaan kali ini tentang ""jodoh idaman sahabat bentang pasti punya kriteria masing-masing kan tentang ""pasanga https://t.co/ii8ajaklhx"
2018-10-28 10:04:17,okay deh yuk kalau gitu kita mulai #kuis #bentangebook nya yeay😍
2018-10-28 09:50:04,bpom ri md #indonesiajuara #panganaman #giveaway #kuis#pompigiveawaykuy ikutan https://t.co/qv0gxr7tkm
2018-10-28 09:30:00,tweepsoners sudah ikutan #kuisepsonia berhadiah 4 voucher epass sodexo rp200 ribu kalau belum silakan klik https://t.co/wfohi4x9xj
2018-10-28 09:29:49,bpom ri md yuk ikutan juga _ahmad #kuis #pompigiveaway #panganaman https://t.co/q1ntxeche0
2018-10-28 08:50:03,yuk belanja di sale stock ada kupon temen 20 ribu tanpa minimal blanja klik https://t.co/jkdunatkd4 bisa bayar c https://t.co/kkjupwvldb
2018-10-28 08:35:21,nunggu apalagi yuk ikutan kuis todaylicious dapatkan 5 voucher makanan gratissssss 👇👇👇https://t.co/xegu0oqwnn … https://t.co/jykhky6djq
2018-10-28 08:11:45,bpom ri md#indonesiajuara #panganaman #giveaway #kuis#pompigiveaway
2018-10-28 08:08:08,bpom ri md #indonesiajuara #panganaman #giveaway #kuis #pompigiveaway
2018-10-28 07:58:59,retweet dan mention temanmu yaa #fungames #kuis #smoothoneverytouch #mutouchindonesia
2018-10-28 07:58:19,ular kamu lebih memilih untuk berpikir ketika sedang menghadapi masalah kamu juga butuh masukan dan pandangan b https://t.co/a946qf2jlc
2018-10-28 07:56:50,anak serigala kamu adalah tipe yang membutuhkan seseorang untuk mencarikan jalan keluar secara pasti.#fungames https://t.co/esj2c6sohk
2018-10-28 07:55:05,beruang kecil kamu membutuhkan seseorang yang bisa mendengarkan curahan hatimu dan membuatmu merasa nyaman. https://t.co/0gsjegfjok
2018-10-28 07:54:01,anak monyet kamu adalah tipe orang yang banyak membutuhkan hiburan dari orang sekitar saat sedang menyelesaikan m https://t.co/xzkxemrpvx
2018-10-28 07:52:43,hai sahabat mütouch! kamu tersesat ditengah hutan ada banyak hewan yang datang dan ingin menunjukan jalan kepadam https://t.co/qcx2z4yzkv
2018-10-28 06:59:10,bpom ri md#indonesiajuara #panganaman #giveaway #kuis#pompigiveaway yuk ikutan kuisnya https://t.co/kejxz0o4an
2018-10-28 06:08:06,bpom ri md #indonesiajuara #panganaman #giveaway #kuis#pompigiveawaykuy ikutan
2018-10-28 05:48:43,bpom ri md _prasetia _nietha #indonesiajuara #panganaman #giveaway #kuis https://t.co/i9fdsv8dd0
2018-10-28 05:40:02,jawaban :bpom ri mdyuk ikutan kuis dari _07 #indonesiajuara https://t.co/bxmehysymy
2018-10-28 05:31:43,rt _lisaa bnpom ri md yuuk ikutan sob _zone#indonesiajuara #panganaman #giveaway #kuis #pompi…
2018-10-28 05:31:21,bnpom ri md yuuk ikutan sob _zone#indonesiajuara #panganaman #giveaway https://t.co/ci9gyhvgsr
2018-10-28 05:29:47,rt _sama bnpom ri md yuk ikutan _07 _qhenzy #indonesiajuara #panganaman #giveaway #kuis…
2018-10-28 05:29:44,rt _tyo bnpom ri md yuk ikutan #indonesiajuara #panganaman #giveaway #kuis #pompi…
2018-10-28 05:29:40,rt _afrida bnpom ri md yuk ikutan _atta _zein#indonesiajuara #panganaman #giveaway #kuis #pompigiv…
2018-10-28 05:29:37,rt _qhenzy bnpom ri md yuk ikutan _hilmie #indonesiajuara #panganaman #giveaway #kuis #pompig…
2018-10-28 05:29:33,rt _mw bnpom ri md yuk ikutan _fira _ah#indonesiajuara #panganaman #giveaway #kuis #pompigive…
2018-10-28 05:29:17,rt bnpom ri md yuk ikutan juga #indonesiajuara #panganaman #giveaway #kuis #pomp…
2018-10-28 05:29:12,rt bnpom ri md ikutan yukk _lisaa _10 _richi#indonesiajuara #panganaman #giveaway #kuis #pompig…
2018-10-28 05:28:09,bnpom ri md yuk ikutan _fira _ah#indonesiajuara #panganaman #giveaway #kuis https://t.co/6ykotufewi
2018-10-28 05:26:09,join di yuk _setya86#indonesiajuara #panganaman #giveaway #kuis #pompigiveaway https://t.co/75nxzvxurj
2018-10-28 05:25:37,"hallo ,berikut jawaban saya :bpom ri mbayo kalian juga ikutan https://t.co/qtlcismaoe"
2018-10-28 05:24:36,bnpom ri md yuk ikutan _hilmie #indonesiajuara #panganaman #giveaway #kuis https://t.co/x1wumvx2q7
2018-10-28 05:22:10,bnpom ri md yuk ikutan _atta _zein#indonesiajuara #panganaman #giveaway #kuis https://t.co/yvcss3bpc5
2018-10-28 05:20:09,bnpom ri md ikutan yukk _lisaa _10 _richi#indonesiajuara #panganaman #giveaway #kuis https://t.co/uderqbi2yc
2018-10-28 05:19:32,bpomri md #indonesiajuara #panganaman #giveaway #kuis #pompigiveawayyuk ikutan https://t.co/mhjzn8desr
2018-10-28 05:18:57,"dear ,jawaban saya bpom ri mbayo ikutan guys.... _tya https://t.co/583b0ohcrw"
2018-10-28 05:17:11,bnpom ri md yuk ikutan #indonesiajuara #panganaman #giveaway https://t.co/dhtmj3hvqh
2018-10-28 05:14:56,bnpom ri md yuk ikutan juga #indonesiajuara #panganaman #giveaway https://t.co/drgosqjmjm
2018-10-28 05:12:50,bnpom ri md yuk ikutan _07 _qhenzy #indonesiajuara #panganaman https://t.co/vmosghth9v
2018-10-28 04:59:04,rt hallo dear jawaban :bpomri mdhai sob🙋mau hadiah menarik ??ikutan yuk ! @_richo _inem …
2018-10-28 04:51:46,bpom ri mdyuk ikutan dan follow #indonesiajuara https://t.co/5yvizwotwy
2018-10-28 04:48:07,浜風祭はまだまだ続きます！！ステージ発表も盛り上がりを見せています！！是非いらしてください！！#浜風 #幕張で世界一周旅行がした #kuis #神田外語大学
2018-10-28 04:46:01,bpom ri mdayo genks follow dan ikutan yuk kuisnya _triaz _fatimah _prasetia https://t.co/79gnwcoddt
2018-10-28 04:45:30,bpom ri md#indonesiajuara #panganaman #giveaway #kuis#pompigiveawayyuk ikutan juga https://t.co/ii0uuishxe
2018-10-28 04:42:14,hallo dear jawaban :bpomri mdhai sob🙋mau hadiah menarik ??ikutan yuk ! @_richo 💕 https://t.co/xajkxamwtz
2018-10-28 04:33:58,bpom ri md _sama #indonesiajuara #panganaman #giveaway #kuis https://t.co/4x0b0hsbw5
2018-10-28 04:32:56,bpom ri md _ #indonesiajuara #panganaman#giveaway #kuis#pompigiveaway https://t.co/gcu6qg4sqv
2018-10-28 04:22:22,npom ri md _85 #indonesiajuara #panganaman #giveaway https://t.co/yaosy9jzvo
2018-10-28 04:19:34,done #indonesiajuara #panganaman #giveaway #kuis #pompigiveaway
2018-10-28 04:18:23,bpom ri md yuk ikutan 👏 _sae1 _danie #indonesiajuara #panganaman https://t.co/vb896hwgqi
2018-10-28 04:11:30,rt stopppp! jangan di scroll dulu ada hadiah #emoneyamd saldo rp.100.000 eksklusif amd menanti untuk kamu miliki yuk dapat…
2018-10-28 04:11:21,rt mau dapat #giveaway dapatkan hadiah #emoneyamd saldo rp.100.000 #gratis caranya gampang kok lihat di https://t.co/2rn…
2018-10-28 04:11:18,rt giveaway time yuk dapetin hadiah #emoneyamd saldo rp.100.000 #gratis caranya lihat di https://t.co/2rn1nmgzig bantu r…
2018-10-28 04:11:09,rt siapa sih yang ngga mau ikutan #giveaway amd hadiahnya mantap banget ada #emoneyamd saldo rp.100.000 eksklusif #gratis.…
2018-10-28 04:11:06,rt mau hadiah #emoneyamd saldo rp.100.000 #gratis yuk ikutan #kuis #berhadiah #amdrocktour dengan ikuti aturan di https://t…
2018-10-28 04:11:01,rt mau hadiah #emoneyamd saldo rp.100.000 #gratis yuk ikutan #giveaway jawabannya dengan ikuti aturan di https://t.co/2rn1n…
2018-10-28 04:06:51,yuk belanja di sale stock ada kupon temen 20 ribu kode kupon vlpz atau klik https://t.co/0wf4a9fqve bisa bayar d https://t.co/gaiuaerhc9
2018-10-28 04:00:17,sahabat jd mau dapet hadiah dari https://t.co/zwrzjki3rk yuk cek disini https://t.co/tabh8vuisu karena lagi ada g https://t.co/5cccgzwhe8
2018-10-28 03:56:25,bpom ri md#indonesiajuara #panganaman #giveaway #kuis#pompigiveaway yuk ikuti https://t.co/nzqjo2aun5
2018-10-28 03:51:48,sudah ikutan semoga beruntung 🙏#indonesiajuara #panganaman #giveaway #kuis #pompigiveaway
2018-10-28 02:52:00,#indonesiajuara #panganaman #giveaway #kuis #pompigiveaway _triaz https://t.co/bpnozlono0
2018-10-28 02:44:04,bpom ri md _richi #indonesiajuara #panganaman #giveaway #kuis https://t.co/mjcll1fhcb
2018-10-28 02:42:34,bpom ri md _sama #indonesiajuara #panganaman #giveaway #kuis #pompigiveaway https://t.co/jfc4keykvr
2018-10-28 02:41:11,_linu meniran #tradisimasakini yuk ikutan _bajaj https://t.co/yadasta1cl
2018-10-28 02:36:50,"jawabannya adalah ""bpomri md""info lengkapnya di website https://t.co/2l6ftjfloz lengkap yuks kawan _msan https://t.co/wa5b4cxp2w"
2018-10-28 02:13:47,tweepsoners sudah ikutan #kuisepsonia berhadiah 4 voucher epass sodexo rp200 ribu kalau belum silakan klik https://t.co/m0zis0bozw
2018-10-28 02:01:40,ayo ikutan lomba foto menangkan hadiah pulsa total 400 ribu.ada banyak hadiah keren menanti lho! https://t.co/rrv0vxeicr
2018-10-28 01:57:54,jawaban bpompi md #indonesiajuara #panganaman #giveaway #kuis #pompigiveaway https://t.co/pt549fsdme
2018-10-28 01:36:56,yuk belanja di sale stock ada kupon temen 20 ribu kode kupon vlpz atau klik https://t.co/0wf4a9og46 bisa bayar d https://t.co/u6ip5ngcbb
2018-10-28 01:31:14,rt 第32回浜風祭、無事開催致しました！！国際色豊かな出店や発表が行われています！！皆さんのご来場をお待ちしております！！！！#kuis #幕張で世界一周旅行がした #浜風 #神田外語大学
2018-10-28 01:18:46,第32回浜風祭、無事開催致しました！！国際色豊かな出店や発表が行われています！！皆さんのご来場をお待ちしております！！！！#kuis #幕張で世界一周旅行がした #浜風 #神田外語大学
2018-10-28 01:10:43,_herudewanto done all rules wish me luck ikutan #giveaway #kuis #hadiah yuk https://t.co/bpft2lu54c
2018-10-28 01:09:13,prediksi mitra kukar vs psis semarang 28 october 2018https://t.co/trcr5fmgtt#mantan #bali #jawa #merdeka https://t.co/rfsxagr2fz
2018-10-28 01:06:59,jadwal &amp pasaran bigmatch 28 29 october 2018 https://t.co/tbwt7nke6t#indonesia #mantan #bali #jawa #merdeka https://t.co/ybsshjyink
2018-10-28 00:41:07,_kingland 15 ban kingland _arlintang _nr #banmotorantislip #banantislip #banirit #bankingland https://t.co/obpltbwen0
2018-10-28 00:06:50,_id makna sumpah pemuda menurutku adalah pemuda yang sejati yang selalu berpikir positif mengejar prestasi &amp; https://t.co/1cbav1mnre
2018-10-27 23:15:14,rt [#出演情報]2018年10月28日（日）11:30−12:30神田外語大学「第32回浜風祭」hiroaki kato talk &amp live場所：神田外語大学アジアン食堂「食神」加藤ひろあきが神田外語大学の学園祭に出演決定！！…
2018-10-27 22:36:41,yuk belanja di sale stock ada kupon temen 20 ribu kode kupon vlpz atau klik https://t.co/drr6jvsjxy bisa bayar d https://t.co/ooge5ldkri
2018-10-27 22:27:12,done #bjbretweet #kuis #bjbkuis
2018-10-27 21:12:19,_id surat al makiyyah#quiz #kuis #infoislam #alquran
2018-10-27 20:56:18,rt _id disebut surah apakah ayat-ayat al-quran yang turun di kota makkah?yuk tulis jawabannya untuk saling menambah pengetahu…
2018-10-27 17:50:04,yuk belanja di sale stock ada kupon temen 20 ribu tanpa minimal blanja klik https://t.co/jkdunatkd4 bisa bayar c https://t.co/xoj0k0xccb
2018-10-27 17:31:26,jawaban saya ini min bpom ri md#indonesiajuara #panganaman #giveaway #kuis#pompigiveaway
2018-10-27 17:16:55,#indonesiajuara #panganaman #giveaway #kuis #pompigiveaway https://t.co/lls6rudomj
2018-10-27 16:27:08,#atalanta vs #parma 27 oktober 2018goal 3:0 80'mancini g (ilicic j.) atalanta#pssi #bola88 #poker88 #timnas https://t.co/pn8q8k2tra
2018-10-27 16:07:44,done#bjbretweet #kuis #bjkuis
2018-10-27 15:57:02,rt _a _herudewanto energigeneratorair#kuisakhirpekan #cirebonpower #cirebon #kuisberhadiah #kuis #giveawayiku…
2018-10-27 15:49:04,sudah retweet #bjbretweet #kuis #bjkuis
2018-10-27 15:11:19,"malam minggu dari pada jadi obat nyamuk teman,gak dapet apa2 malah dpt nyeseknya mending ikut lomba foto menghasil https://t.co/2bkbmlfumv"
2018-10-27 14:49:16,rt lari kehutan badan basah lari di gurun kepanasan yuk teruskan pantun ini dan menangkan pulsa 25rb #kuis #bjbkuis #bjbpa…
2018-10-27 14:47:33,lari kehutan badan basahlari di gurun kepanasanhidup ini sungguh indahjika melakukan kebaikan#kuis #bjbkuis #bjbpantun
2018-10-27 14:28:26,lari kehutan badan basahlari di gurun kepanasanjika ingin dapat hadiahkuis bjb yuk ikutan#kuis#bjbkuis#bjbpantun
2018-10-27 14:17:13,malem minggu yg bengong krn masih jomblo ato yg lg bingung krn tgl tua. aah uda ga jaman bisa ikutan lomba emang https://t.co/w4olhf2run
2018-10-27 14:13:32,1027 あじあん祭三木キャンのお友達会えたの良かったです写真撮れば良かったなぁ😢子ども可愛かったぁ♡みんな真剣だった👓#あじあん #kuis #ccc #enjoy #child #cute https://t.co/ak2jlhflgi
2018-10-27 14:02:03,#lombafoto #cirebonpower #giveaway #kuis #hadiah yuk ikutan kuisnya https://t.co/oozuaexvvl
2018-10-27 13:55:36,#lombafoto #cirebonpower #giveaway #kuis #hadiah https://t.co/w32y72gxtp
2018-10-27 13:30:00,mau hadiah #emoneyamd saldo rp.100.000 #gratis yuk ikutan #giveaway jawabannya dengan ikuti aturan di https://t.co/sttskkfbuq
2018-10-27 13:27:02,1 follow akun twitter dan twitter _herudewanto 2 retweet komen di twitter kalian poster lomba https://t.co/cqjy9mrgdr
2018-10-27 13:15:00,mau hadiah #emoneyamd saldo rp.100.000 #gratis yuk ikutan #kuis #berhadiah #amdrocktour dengan ikuti aturan di https://t.co/qvw9xeih4t
2018-10-27 13:06:54,yuk belanja di sale stock ada kupon temen 20 ribu kode kupon vlpz atau klik https://t.co/0wf4a9fqve bisa bayar d https://t.co/okvks3aako
2018-10-27 13:00:00,siapa sih yang ngga mau ikutan #giveaway amd hadiahnya mantap banget ada #emoneyamd saldo rp.100.000 eksklusif https://t.co/4oxr8zdfhl
2018-10-27 12:41:11,_kingland 15 ban kingland #banmotorantislip #banantislip #banirit#bankingland #kingland #kuiskingland27102018 https://t.co/pmmdwtpuhj
2018-10-27 12:39:38,jawaban bpompi md #indonesiajuara #panganaman #giveaway #kuis #pompigiveaway https://t.co/0etwblbnuz
2018-10-27 12:30:00,gampang banget kok cara buat ikutan #giveaway yuk ikutan dapatkan hadiah #emoneyamd saldo rp.100.000 #gratis se https://t.co/4hjumlxkfh
2018-10-27 12:00:00,giveaway time yuk dapetin hadiah #emoneyamd saldo rp.100.000 #gratis caranya lihat di https://t.co/2rn1nmgzig b https://t.co/fk4hv1pu63
2018-10-27 11:58:14,"jawabannya adalah bpom ri md ""#indonesiajuara #panganaman #giveaway#kuis #pompigiveaway yuk ikutan https://t.co/vk2cqbuuxp"
